{
  "accuracy": 0.61,
  "precision_macro": 0.5461674718196458,
  "recall_macro": 0.5922448979591837,
  "f1_macro": 0.5517603070752177,
  "precision_weighted": 0.6642345295606166,
  "recall_weighted": 0.61,
  "f1_weighted": 0.6236934017419186,
  "classification_report": {
    "0": {
      "precision": 0.8518518518518519,
      "recall": 0.7040816326530612,
      "f1-score": 0.770949720670391,
      "support": 98.0
    },
    "1": {
      "precision": 0.5357142857142857,
      "recall": 0.35714285714285715,
      "f1-score": 0.42857142857142855,
      "support": 42.0
    },
    "2": {
      "precision": 0.3333333333333333,
      "recall": 0.55,
      "f1-score": 0.41509433962264153,
      "support": 20.0
    },
    "3": {
      "precision": 0.3142857142857143,
      "recall": 0.55,
      "f1-score": 0.4,
      "support": 20.0
    },
    "4": {
      "precision": 0.6956521739130435,
      "recall": 0.8,
      "f1-score": 0.7441860465116279,
      "support": 20.0
    },
    "accuracy": 0.61,
    "macro avg": {
      "precision": 0.5461674718196458,
      "recall": 0.5922448979591837,
      "f1-score": 0.5517603070752177,
      "support": 200.0
    },
    "weighted avg": {
      "precision": 0.6642345295606166,
      "recall": 0.61,
      "f1-score": 0.6236934017419186,
      "support": 200.0
    }
  },
  "confusion_matrix": [
    [
      69,
      3,
      17,
      9,
      0
    ],
    [
      4,
      15,
      3,
      13,
      7
    ],
    [
      7,
      0,
      11,
      2,
      0
    ],
    [
      1,
      6,
      2,
      11,
      0
    ],
    [
      0,
      4,
      0,
      0,
      16
    ]
  ],
  "predictions": [
    4,
    2,
    3,
    1,
    0,
    3,
    2,
    0,
    0,
    0,
    1,
    0,
    0,
    1,
    3,
    1,
    2,
    0,
    0,
    4,
    3,
    1,
    1,
    3,
    4,
    0,
    0,
    0,
    1,
    0,
    0,
    0,
    0,
    1,
    2,
    0,
    1,
    3,
    2,
    4,
    0,
    4,
    2,
    2,
    3,
    1,
    4,
    0,
    4,
    1,
    2,
    2,
    1,
    0,
    1,
    0,
    0,
    0,
    3,
    0,
    4,
    3,
    0,
    1,
    4,
    2,
    0,
    0,
    2,
    3,
    1,
    2,
    0,
    0,
    2,
    2,
    1,
    0,
    2,
    1,
    0,
    0,
    4,
    3,
    2,
    2,
    0,
    0,
    4,
    0,
    3,
    0,
    4,
    3,
    0,
    2,
    3,
    3,
    3,
    3,
    0,
    3,
    3,
    4,
    3,
    4,
    2,
    4,
    2,
    0,
    0,
    0,
    0,
    3,
    0,
    3,
    1,
    1,
    3,
    0,
    0,
    1,
    0,
    0,
    0,
    0,
    3,
    2,
    3,
    2,
    3,
    0,
    2,
    0,
    1,
    3,
    0,
    0,
    2,
    3,
    3,
    0,
    3,
    1,
    0,
    0,
    4,
    0,
    0,
    0,
    0,
    2,
    2,
    0,
    0,
    0,
    0,
    1,
    2,
    3,
    0,
    4,
    0,
    0,
    3,
    0,
    0,
    2,
    1,
    0,
    0,
    0,
    1,
    4,
    3,
    0,
    4,
    2,
    0,
    0,
    1,
    4,
    4,
    2,
    1,
    3,
    4,
    2,
    0,
    0,
    3,
    0,
    2,
    4,
    0,
    2,
    1,
    0,
    0,
    0
  ],
  "prediction_probabilities": [
    [
      0.007317678218975924,
      0.13731600052136678,
      0.02128745925189223,
      0.057599860457659614,
      0.7764790015501053
    ],
    [
      0.2941174135689704,
      0.03294097843305222,
      0.5995025246344963,
      0.06794207313521815,
      0.005497010228263037
    ],
    [
      0.1912391829391316,
      0.26745374451478093,
      0.13737053717829026,
      0.3668269926825001,
      0.03710954268529717
    ],
    [
      0.06864167815412853,
      0.4302616350387112,
      0.10859125411069784,
      0.228443101892075,
      0.1640623308043875
    ],
    [
      0.6265317252526827,
      0.0362210594970425,
      0.2939066009950027,
      0.04122716273926497,
      0.0021134515160072475
    ],
    [
      0.1400586937552843,
      0.11646290889924073,
      0.25027246127092895,
      0.4173132727963548,
      0.07589266327819123
    ],
    [
      0.3671839889048011,
      0.11133913360851552,
      0.40628364293871627,
      0.10361807169901929,
      0.011575162848948006
    ],
    [
      0.4548301792391001,
      0.08291057883717795,
      0.28552606658241136,
      0.16957107542659894,
      0.007162099914711723
    ],
    [
      0.5487361849195429,
      0.019286287270954085,
      0.3711523715482714,
      0.055314946101368716,
      0.005510210159862827
    ],
    [
      0.2546575834680366,
      0.22052618243268707,
      0.23486668215569506,
      0.24750358098655897,
      0.042445970957022294
    ],
    [
      0.06322161625917208,
      0.394302223719771,
      0.016638500118496723,
      0.33917872527253323,
      0.18665893463002714
    ],
    [
      0.5816703539484789,
      0.14756445945803365,
      0.20311570919926084,
      0.03425797768492347,
      0.03339149970930322
    ],
    [
      0.5213570263253842,
      0.05271513826898709,
      0.3675790126754875,
      0.05501611513683751,
      0.003332707593303877
    ],
    [
      0.07734086437256744,
      0.43848813730604835,
      0.058269175082270704,
      0.06963695148803284,
      0.35626487175108057
    ],
    [
      0.1112664113112279,
      0.15792323991790308,
      0.11871157978337166,
      0.4892948873569996,
      0.12280388163049788
    ],
    [
      0.06427986746667771,
      0.5330229141816137,
      0.024324874782286968,
      0.14611145218376606,
      0.2322608913856556
    ],
    [
      0.28430325180704197,
      0.1542549609812606,
      0.41207804597544617,
      0.08865016952144811,
      0.06071357171480319
    ],
    [
      0.5129668886511604,
      0.15954002213510476,
      0.15679283889345097,
      0.15648519036084346,
      0.014215059959440555
    ],
    [
      0.722683811297647,
      0.08169924728699847,
      0.13145000919252192,
      0.03686548411746296,
      0.027301448105369656
    ],
    [
      0.015924927699649892,
      0.13580251507083668,
      0.030483688904947615,
      0.06795779763590803,
      0.7498310706886578
    ],
    [
      0.16677208967915239,
      0.13697618771287182,
      0.25481294685291533,
      0.41329660380532196,
      0.028142171949738365
    ],
    [
      0.10564734586194366,
      0.3560096455101386,
      0.054043295074504054,
      0.27810093830870236,
      0.20619877524471136
    ],
    [
      0.05466360420297977,
      0.3816340146943208,
      0.02652223703753621,
      0.31298102175341025,
      0.22419912231175287
    ],
    [
      0.07037520600126879,
      0.30633780011578415,
      0.2111144143136409,
      0.31634336192778123,
      0.09582921764152483
    ],
    [
      0.029215677520568483,
      0.14469967696974675,
      0.0345111361818995,
      0.18596990959554036,
      0.6056035997322451
    ],
    [
      0.5196002789507844,
      0.0495808921862137,
      0.36769114772012423,
      0.05134950924740773,
      0.011778171895469964
    ],
    [
      0.36903828254333515,
      0.11648990178284258,
      0.24247768626946908,
      0.2505822732622639,
      0.02141185614208939
    ],
    [
      0.6715644687804848,
      0.1185085953263264,
      0.12939064124516417,
      0.06698639288184166,
      0.013549901766182775
    ],
    [
      0.1109760186911599,
      0.48100197764336516,
      0.08120199730670173,
      0.23871957579338648,
      0.08810043056538687
    ],
    [
      0.6861020731163823,
      0.036769868328131096,
      0.23043039702263057,
      0.03778562590320838,
      0.008912035629647626
    ],
    [
      0.5873516142474601,
      0.06043879073943845,
      0.22000116075997678,
      0.1266069787524916,
      0.005601455500633286
    ],
    [
      0.6634523543734857,
      0.03828763551368501,
      0.2595437621008746,
      0.024305508115369367,
      0.014410739896585322
    ],
    [
      0.7680733498093668,
      0.025154966775780906,
      0.16133610603027157,
      0.044268403517488675,
      0.0011671738670919606
    ],
    [
      0.18761342807393008,
      0.5966376621433622,
      0.02768249494456334,
      0.1514047206094346,
      0.03666169422871
    ],
    [
      0.438499070575476,
      0.04470174396228049,
      0.4803937446675901,
      0.028518165375788704,
      0.007887275418864827
    ],
    [
      0.5950899676085153,
      0.07733006343827513,
      0.25860497750171385,
      0.06332236045259843,
      0.005652630998897413
    ],
    [
      0.17210507292141278,
      0.34638041284584314,
      0.059743599478971635,
      0.20249915165267157,
      0.21927176310110083
    ],
    [
      0.1717953797005009,
      0.2058984404013265,
      0.2145072875076423,
      0.3698400416359401,
      0.03795885075459026
    ],
    [
      0.11604399498756932,
      0.10962532655576818,
      0.4954261204771934,
      0.15257123084108343,
      0.1263333271383857
    ],
    [
      0.038613165415970575,
      0.21195953647972313,
      0.03252224597081602,
      0.0982088635084748,
      0.6186961886250155
    ],
    [
      0.5097331988170248,
      0.09259272518595457,
      0.17487541764127745,
      0.1691056682683161,
      0.05369299008742731
    ],
    [
      0.019365476941601647,
      0.10874581042114462,
      0.020697239502963333,
      0.05448164054581359,
      0.7967098325884765
    ],
    [
      0.18379578716923234,
      0.05073299578879313,
      0.6342060098915906,
      0.10164879403232481,
      0.029616413118059126
    ],
    [
      0.23805542379623784,
      0.06401874368274865,
      0.5753739649680146,
      0.0918002878114645,
      0.03075157974153451
    ],
    [
      0.09785311448873531,
      0.289003107301295,
      0.07983655115318058,
      0.46128350715937305,
      0.07202371989741593
    ],
    [
      0.21332369556161418,
      0.3304460312544316,
      0.13413689904021991,
      0.2719656917924599,
      0.05012768235127453
    ],
    [
      0.006470648266720259,
      0.1810663325974245,
      0.011690033586465663,
      0.07172555680540897,
      0.7290474287439805
    ],
    [
      0.45612012929934886,
      0.12667236404120552,
      0.25006745071499525,
      0.14594967300764036,
      0.02119038293681018
    ],
    [
      0.08798516739007234,
      0.2497979318870578,
      0.0802615741223192,
      0.266152176379222,
      0.31580315022132865
    ],
    [
      0.025750211643840976,
      0.44779342839915437,
      0.061925845388938305,
      0.2530106857062284,
      0.21151982886183796
    ],
    [
      0.26504182086144923,
      0.03142692530235421,
      0.6291067764136848,
      0.06466295397145047,
      0.009761523451061418
    ],
    [
      0.266648739946617,
      0.16123200509151706,
      0.4728460184729879,
      0.06627266762406296,
      0.033000568864815255
    ],
    [
      0.02532163096491375,
      0.4715229963978542,
      0.025062066125159793,
      0.2091587122776592,
      0.26893459423441296
    ],
    [
      0.3682760404133567,
      0.13109958112820153,
      0.2305267096912958,
      0.1988427129833052,
      0.07125495578384083
    ],
    [
      0.014090803787442258,
      0.3813205708268532,
      0.030058583299501576,
      0.21117812138837533,
      0.3633519206978276
    ],
    [
      0.5287318750269783,
      0.048286270830121464,
      0.3298632486776427,
      0.06135137447451126,
      0.03176723099074626
    ],
    [
      0.673526021596804,
      0.11962229554487963,
      0.14281410975984385,
      0.036291959586472876,
      0.027745613511999882
    ],
    [
      0.41060602537775814,
      0.05598074104517722,
      0.40462739956675864,
      0.11296129695335916,
      0.01582453705694695
    ],
    [
      0.26296609744249433,
      0.11243872804574437,
      0.2787520762217891,
      0.3207378047485142,
      0.02510529354145814
    ],
    [
      0.7035600489901311,
      0.008461230401568506,
      0.26423592602733814,
      0.020335805599264456,
      0.003406988981697903
    ],
    [
      0.0038099263311496137,
      0.12968792554092126,
      0.00819804936313758,
      0.04735543203990135,
      0.8109486667248902
    ],
    [
      0.10800748554251781,
      0.2733794170162279,
      0.07483222014601418,
      0.4362934187433908,
      0.10748745855184927
    ],
    [
      0.4893037758065466,
      0.04131325630311208,
      0.4295742184482948,
      0.03492506033325752,
      0.004883689108789042
    ],
    [
      0.08530354424383739,
      0.49199933958881414,
      0.04510223764407126,
      0.2317654653117005,
      0.14582941321157677
    ],
    [
      0.024277912210852664,
      0.19268705883053927,
      0.020786557902632927,
      0.12071164782597804,
      0.6415368232299969
    ],
    [
      0.4106118562205461,
      0.030831166391224917,
      0.5175920040303,
      0.03345988702435919,
      0.007505086333569872
    ],
    [
      0.4061540930390747,
      0.3311785113041056,
      0.093026535381672,
      0.14951052638260837,
      0.020130333892539393
    ],
    [
      0.3787774796925129,
      0.11520488019916648,
      0.2720057972688863,
      0.225275606809912,
      0.008736236029522313
    ],
    [
      0.2763770370032887,
      0.0901092163689479,
      0.4538518031737224,
      0.13319730173531685,
      0.04646464171872407
    ],
    [
      0.09197014672241419,
      0.2955116363059951,
      0.14596981975368623,
      0.3552076389188823,
      0.1113407582990222
    ],
    [
      0.3086490284279091,
      0.3236346844394923,
      0.13436800593244733,
      0.17356081407043028,
      0.059787467129721036
    ],
    [
      0.29930534936747133,
      0.05470235900625967,
      0.48050635336094294,
      0.08778352415052622,
      0.07770241411479992
    ],
    [
      0.7209392073655398,
      0.022936340673866296,
      0.23554662445437669,
      0.016162937898938957,
      0.004414889607278234
    ],
    [
      0.6902119055131208,
      0.035339198989036674,
      0.22260891594364857,
      0.038379975636042354,
      0.013460003918151617
    ],
    [
      0.21596817555503522,
      0.12939001582343493,
      0.4362178058963424,
      0.1921556916764004,
      0.026268311048787008
    ],
    [
      0.20434503416703387,
      0.056799263048279765,
      0.5534405718640475,
      0.09244755455260065,
      0.09296757636803836
    ],
    [
      0.07737254277782475,
      0.5504709183679977,
      0.04413493272101384,
      0.15624809558723896,
      0.1717735105459247
    ],
    [
      0.39883735018086874,
      0.07931412057436243,
      0.3832797851718094,
      0.11517173544420077,
      0.023397008628758754
    ],
    [
      0.2022814821518633,
      0.07790103548348049,
      0.5203917724575238,
      0.16095634374512213,
      0.038469366162010354
    ],
    [
      0.05465301129217026,
      0.36562360559776363,
      0.06526205656958012,
      0.32712842820761867,
      0.18733289833286731
    ],
    [
      0.5930526736959119,
      0.047418971579152994,
      0.26050752336885646,
      0.09390962324886885,
      0.005111208107209963
    ],
    [
      0.738242073272179,
      0.015936946078054036,
      0.21239969675709747,
      0.03049483523569737,
      0.0029264486569722053
    ],
    [
      0.01054198997852044,
      0.07046735184308388,
      0.005347381317604432,
      0.02333853105351593,
      0.8903047458072751
    ],
    [
      0.07415536770913772,
      0.22881534365215123,
      0.10151679065814338,
      0.5097584841948377,
      0.08575401378572992
    ],
    [
      0.29570042686598685,
      0.03385929414885316,
      0.5674760602879966,
      0.06307622032494,
      0.0398879983722234
    ],
    [
      0.19600723283774513,
      0.1785209952176759,
      0.40786815132482857,
      0.16507712411903608,
      0.052526496500714275
    ],
    [
      0.5251169135301779,
      0.02745350773823262,
      0.40814948112386923,
      0.03325766820627658,
      0.006022429401443659
    ],
    [
      0.3349984002662476,
      0.1412969569090936,
      0.29479721471177245,
      0.20123411833195398,
      0.027673309780932537
    ],
    [
      0.1111271481472796,
      0.10018552080553192,
      0.07740502015696012,
      0.0829778472482906,
      0.6283044636419379
    ],
    [
      0.8167365862720251,
      0.007945536518906102,
      0.15155529281005947,
      0.02115875923880288,
      0.0026038251602065322
    ],
    [
      0.056212231828498785,
      0.23809456428301412,
      0.1042508338970746,
      0.4537216644434192,
      0.14772070554799316
    ],
    [
      0.24874970106625088,
      0.22309919352562885,
      0.24336621019546234,
      0.21316184761100532,
      0.07162304760165256
    ],
    [
      0.008465523789416321,
      0.1847511237251388,
      0.017217201772223096,
      0.0717120623768875,
      0.7178540883363346
    ],
    [
      0.06769913780173104,
      0.2885424158392377,
      0.20263023907668518,
      0.29046720238633184,
      0.15066100489601422
    ],
    [
      0.6266076853765539,
      0.032351019946332625,
      0.25849702838004507,
      0.07087096999102482,
      0.01167329630604369
    ],
    [
      0.3071561010471202,
      0.08485238255976112,
      0.43428714307390237,
      0.11807269274626042,
      0.05563168057295599
    ],
    [
      0.08667822328909307,
      0.22064942419281808,
      0.11256661522769287,
      0.29402584980068586,
      0.2860798874897103
    ],
    [
      0.18499020109582331,
      0.287516523800912,
      0.10830772204059742,
      0.3951527716744757,
      0.024032781388191433
    ],
    [
      0.19682312752208303,
      0.13920624092031772,
      0.28852846942308014,
      0.300288332307078,
      0.07515382982744115
    ],
    [
      0.04534971891339329,
      0.3883468719340409,
      0.061160832908806445,
      0.4195369325403929,
      0.08560564370336658
    ],
    [
      0.7424979211927203,
      0.022010196027268773,
      0.19039190118798094,
      0.03292318580578706,
      0.01217679578624317
    ],
    [
      0.06414640082105674,
      0.18830092865909281,
      0.12275445279505134,
      0.42181870331443727,
      0.202979514410362
    ],
    [
      0.13489816973467514,
      0.23885146751642922,
      0.24704778652212855,
      0.35086938649945104,
      0.028333189727316098
    ],
    [
      0.026514446494833248,
      0.15716185631883753,
      0.009765874106371307,
      0.08002012683990067,
      0.7265376962400572
    ],
    [
      0.09194289119588095,
      0.231068988684556,
      0.13605178469259493,
      0.4943392077572365,
      0.04659712766973148
    ],
    [
      0.034955800627355295,
      0.2233242438358956,
      0.03424347773012812,
      0.13215561989347058,
      0.5753208579131501
    ],
    [
      0.20861869029885022,
      0.05847912377677425,
      0.634875594959193,
      0.08013145194973186,
      0.01789513901545056
    ],
    [
      0.035313001692173114,
      0.2084084651464809,
      0.02502759492121003,
      0.0489202601131709,
      0.6823306781269651
    ],
    [
      0.3092318143310978,
      0.1025301095077757,
      0.42930281387339014,
      0.11639988852394637,
      0.04253537376379021
    ],
    [
      0.884989643997991,
      0.012077042120501591,
      0.09652074591304452,
      0.006082777326572533,
      0.0003297906418902726
    ],
    [
      0.7646362606497374,
      0.025925217297019503,
      0.1893679735318386,
      0.019149830183298085,
      0.0009207183381065466
    ],
    [
      0.7439201045853945,
      0.01645116843116238,
      0.22489701318103955,
      0.011993792394202991,
      0.0027379214082004196
    ],
    [
      0.3305148469786402,
      0.3138864681575112,
      0.09774773826035184,
      0.23526420743470344,
      0.022586739168793425
    ],
    [
      0.11539530034967602,
      0.21413929972136017,
      0.12561415938237502,
      0.35320898171983967,
      0.19164225882674912
    ],
    [
      0.6189535257329489,
      0.05916698056771218,
      0.19478030173730929,
      0.11066195666278854,
      0.0164372352992411
    ],
    [
      0.0908271191578362,
      0.19563336821276714,
      0.09295043091714268,
      0.44798093584791526,
      0.1726081458643387
    ],
    [
      0.04808083667687406,
      0.6018226097447412,
      0.014350051447123481,
      0.1767788827789013,
      0.1589676193523599
    ],
    [
      0.03035814671753725,
      0.46102873544176737,
      0.04953676230819485,
      0.13697873763671495,
      0.3220976178957855
    ],
    [
      0.07400030333829634,
      0.33326543788875174,
      0.06905298224478763,
      0.3732883770730643,
      0.15039289945509982
    ],
    [
      0.7647247464553706,
      0.024104173000034312,
      0.15284386469205738,
      0.044406051015517665,
      0.01392116483701985
    ],
    [
      0.33709851709340327,
      0.33485056932476087,
      0.11173641358936721,
      0.20307785965849723,
      0.013236640333971442
    ],
    [
      0.023543292694640977,
      0.4383735140897335,
      0.005709835176689077,
      0.13147469928227412,
      0.4008986587566623
    ],
    [
      0.4686116083760429,
      0.04800535539746892,
      0.40475970192170374,
      0.06745284091717131,
      0.011170493387613261
    ],
    [
      0.3664495861061795,
      0.10795233560331657,
      0.2716485760782185,
      0.24939350541488153,
      0.004555996797403825
    ],
    [
      0.7720367619011026,
      0.021734815507635438,
      0.19203742532231777,
      0.013538542706878737,
      0.0006524545620655622
    ],
    [
      0.7623021227953859,
      0.02207723070786279,
      0.18701091088942356,
      0.01725656242294396,
      0.011353173184383808
    ],
    [
      0.07216036804379886,
      0.18938927667333355,
      0.10813238955370767,
      0.5224101519277612,
      0.1079078138013988
    ],
    [
      0.35459307763332976,
      0.048513961873659125,
      0.449698666028849,
      0.10784220853612526,
      0.03935208592803681
    ],
    [
      0.13418937810547935,
      0.22492061281834572,
      0.1569817780118681,
      0.460225884877979,
      0.023682346186328057
    ],
    [
      0.2980492905484897,
      0.10488327314655291,
      0.36599433101432666,
      0.17598782756596137,
      0.0550852777246695
    ],
    [
      0.22663249817767395,
      0.13064332551028207,
      0.2015112885362908,
      0.33501274409652987,
      0.10620014367922331
    ],
    [
      0.6155646429198603,
      0.08310288280238465,
      0.2286927824294489,
      0.046806158346931394,
      0.025833533501374684
    ],
    [
      0.3544816678646908,
      0.07456744822885339,
      0.44610476336325944,
      0.09336003508887866,
      0.03148608545431771
    ],
    [
      0.5417682759256103,
      0.07047263970506425,
      0.32029819436383034,
      0.06188333664150349,
      0.005577553363991677
    ],
    [
      0.08972318654459244,
      0.525106934435998,
      0.07230273908692617,
      0.17101937842109605,
      0.14184776151138728
    ],
    [
      0.03569728174677788,
      0.2746536417408628,
      0.1070017020621432,
      0.3484819075755665,
      0.23416546687464956
    ],
    [
      0.6335199561822814,
      0.03171223069862091,
      0.2925600276471369,
      0.026890876624313474,
      0.015316908847647116
    ],
    [
      0.507016127561891,
      0.05298193269041869,
      0.3864013837716493,
      0.031533209713781346,
      0.022067346262259827
    ],
    [
      0.24895812199441547,
      0.08139545324746418,
      0.46808401004265165,
      0.1848908027493399,
      0.016671611966128787
    ],
    [
      0.12282164544265156,
      0.2582282768701333,
      0.10713257616847671,
      0.4684598160295278,
      0.04335768548921094
    ],
    [
      0.11917908473040037,
      0.3057210885234837,
      0.07886524116819289,
      0.46351469394723477,
      0.032719891630688225
    ],
    [
      0.7426735836451432,
      0.01055124915155605,
      0.21418748149755995,
      0.030282388337360983,
      0.0023052973683798357
    ],
    [
      0.13751847125449318,
      0.18525796266647765,
      0.2729377151609898,
      0.331738995259724,
      0.0725468556583154
    ],
    [
      0.22242470039564594,
      0.46132893271094944,
      0.07340785482729639,
      0.17440299186829417,
      0.06843552019781403
    ],
    [
      0.7333051322687165,
      0.09633795814984196,
      0.11847596236239362,
      0.04076993644956328,
      0.011111010769484547
    ],
    [
      0.454918623408881,
      0.09367175322599128,
      0.23667855793949666,
      0.16516476061748694,
      0.0495663048081442
    ],
    [
      0.03081784142664706,
      0.34105494335921505,
      0.02551359141529615,
      0.13257858678119908,
      0.4700350370176426
    ],
    [
      0.723850456788862,
      0.03422778978716487,
      0.19537239789638683,
      0.043431229936091845,
      0.00311812559149443
    ],
    [
      0.3753160903335568,
      0.22941435703470187,
      0.182454734800821,
      0.16211351667123036,
      0.050701301159689974
    ],
    [
      0.7570976880476041,
      0.03261635120684691,
      0.1594231184555925,
      0.04304245670776136,
      0.0078203855821949
    ],
    [
      0.5116211040822192,
      0.043589982687714114,
      0.3918306281810947,
      0.0468948720966759,
      0.006063412952295982
    ],
    [
      0.3132134429277224,
      0.044752192412477375,
      0.5669483801794353,
      0.06543372137656456,
      0.009652263103800544
    ],
    [
      0.22939882316024887,
      0.10343397766433451,
      0.4417755970904288,
      0.21210423924712307,
      0.01328736283786476
    ],
    [
      0.43286089855238163,
      0.10124747767380735,
      0.1938398389777972,
      0.2531116948146423,
      0.01894008998137153
    ],
    [
      0.5767603025393586,
      0.031952790133917795,
      0.349589312896578,
      0.039002444774124984,
      0.0026951496560211645
    ],
    [
      0.7157561841557698,
      0.031393844320667885,
      0.22425809300520827,
      0.025148778889097754,
      0.003443099629256013
    ],
    [
      0.43489841458270606,
      0.08578124780518537,
      0.3931690604552571,
      0.06356192085214386,
      0.022589356304707577
    ],
    [
      0.25167011953421314,
      0.3918349251395473,
      0.0841692667514365,
      0.24040632247627944,
      0.03191936609852375
    ],
    [
      0.38857791256515495,
      0.06979782751738162,
      0.46751918687701954,
      0.068810553180112,
      0.00529451986033206
    ],
    [
      0.060308612608128434,
      0.26672850922032876,
      0.04564664626106887,
      0.3991146730539611,
      0.22820155885651278
    ],
    [
      0.32306783986102316,
      0.22965066845905407,
      0.29500463178990877,
      0.09572407576204131,
      0.056552784127972724
    ],
    [
      0.020640750883447335,
      0.33815255562395785,
      0.04979121947931013,
      0.18515530775407113,
      0.4062601662592136
    ],
    [
      0.9046171941182333,
      0.007983054358149302,
      0.07913975515860022,
      0.007930205754197844,
      0.0003297906108192581
    ],
    [
      0.5851958815275848,
      0.051227635182548185,
      0.29854677159613385,
      0.05302715951357889,
      0.012002552180154315
    ],
    [
      0.08480308046263668,
      0.30149186956896495,
      0.05522388628886748,
      0.3122559031140359,
      0.246225260565495
    ],
    [
      0.5194694444660242,
      0.08176029764196462,
      0.3238674459337912,
      0.05631664496065399,
      0.01858616699756607
    ],
    [
      0.7699967478967309,
      0.047731149723095674,
      0.16128810532586527,
      0.012179034714667384,
      0.008804962339640784
    ],
    [
      0.1329161250188355,
      0.1434273741277433,
      0.4227581326932788,
      0.21480274168208116,
      0.08609562647806117
    ],
    [
      0.17134014694494,
      0.31002008040213247,
      0.10148795515614722,
      0.14338713190761537,
      0.273764685589165
    ],
    [
      0.5204352881475995,
      0.12814100563240882,
      0.15556010759334205,
      0.17259776643043678,
      0.023265832196212914
    ],
    [
      0.39338272158753607,
      0.11717614609213317,
      0.2736520264231906,
      0.0937158504054445,
      0.12207325549169556
    ],
    [
      0.841829622014421,
      0.028820160756898965,
      0.10147947388864725,
      0.024568246764815258,
      0.0033024965752173267
    ],
    [
      0.0323495424431848,
      0.4021778045849769,
      0.02493194444198521,
      0.3990684928142125,
      0.1414722157156404
    ],
    [
      0.030710338729426665,
      0.22934836827394028,
      0.02243700144345897,
      0.10678992040269392,
      0.6107143711504801
    ],
    [
      0.08174535710377558,
      0.3103151221652724,
      0.06333932876680781,
      0.3719418190157492,
      0.1726583729483951
    ],
    [
      0.49725618826254814,
      0.04424223760499579,
      0.32554181987360487,
      0.11500122716992314,
      0.01795852708892793
    ],
    [
      0.05674952438196369,
      0.18726267720031906,
      0.07787722293887284,
      0.2845447525936655,
      0.39356582288517883
    ],
    [
      0.33473452838962436,
      0.07808682005876692,
      0.44662595874714783,
      0.1255072685743404,
      0.015045424230120487
    ],
    [
      0.7026601299465711,
      0.01325314485781763,
      0.2705170090679989,
      0.011434281500593913,
      0.002135434627018509
    ],
    [
      0.40175113420577113,
      0.08771242002063243,
      0.2981392381051392,
      0.18913373337523043,
      0.023263474293227122
    ],
    [
      0.04325084847377007,
      0.4124018599759932,
      0.03839710754208434,
      0.18746798752202593,
      0.3184821964861264
    ],
    [
      0.02882993128519201,
      0.22231167118138356,
      0.06902598386357159,
      0.21992255230769192,
      0.45990986136216094
    ],
    [
      0.022933271463728856,
      0.10556146990160194,
      0.013622927804417392,
      0.05189565200227281,
      0.805986678827979
    ],
    [
      0.3368978925176005,
      0.10594701766808019,
      0.4772929136756029,
      0.06721527973030308,
      0.012646896408413438
    ],
    [
      0.06610793193570308,
      0.5309820306338378,
      0.02558529139656616,
      0.210439898018028,
      0.166884848015865
    ],
    [
      0.23484566216372715,
      0.12461115560909836,
      0.18642524605572858,
      0.34685806814708464,
      0.10725986802436124
    ],
    [
      0.060868001640785055,
      0.17911899675004433,
      0.055138721295825185,
      0.2968518699904073,
      0.40802241032293807
    ],
    [
      0.14987058547346493,
      0.08309189130444108,
      0.5909577112285764,
      0.1294477782033635,
      0.04663203379015398
    ],
    [
      0.3702379775230842,
      0.07412338963779277,
      0.35571240296340434,
      0.16625047274343557,
      0.033675757132283206
    ],
    [
      0.7461913688779007,
      0.0295015998141231,
      0.19149909886149788,
      0.026435889304473114,
      0.006372043142005235
    ],
    [
      0.08234985721013711,
      0.23444285744968563,
      0.19810314210044677,
      0.3521234437111879,
      0.1329806995285426
    ],
    [
      0.5156605028503045,
      0.08290888691306139,
      0.3097718738005777,
      0.05888365752779897,
      0.032775078908257586
    ],
    [
      0.34814570707812864,
      0.10178133528091834,
      0.3585868796080957,
      0.17008832686343495,
      0.021397751169422444
    ],
    [
      0.032719909228069534,
      0.2394922135527523,
      0.009277136410680715,
      0.07789985157779644,
      0.640610889230701
    ],
    [
      0.7856034319982044,
      0.07086472895548328,
      0.11918146277587255,
      0.01796646564660889,
      0.006383910623831179
    ],
    [
      0.16635246635888587,
      0.07833988822026441,
      0.4826923790556028,
      0.2123213312578487,
      0.06029393510739824
    ],
    [
      0.11161799612675542,
      0.4316280279493168,
      0.02593053494507334,
      0.17096526441839713,
      0.2598581765604574
    ],
    [
      0.4920287225525513,
      0.09048653740581243,
      0.3425435290223035,
      0.05698868022285191,
      0.017952530796480733
    ],
    [
      0.6489146064334255,
      0.042436671231341365,
      0.24556141439668747,
      0.05131689731895053,
      0.011770410619595165
    ],
    [
      0.3234955630550302,
      0.16248281644671883,
      0.2120268168876119,
      0.27719188155055385,
      0.02480292206008533
    ]
  ],
  "base_model_predictions": {
    "logistic_regression": [
      4,
      2,
      3,
      1,
      0,
      3,
      2,
      0,
      2,
      3,
      3,
      0,
      0,
      1,
      3,
      1,
      2,
      0,
      0,
      4,
      3,
      1,
      1,
      3,
      4,
      2,
      0,
      0,
      1,
      0,
      0,
      0,
      0,
      1,
      2,
      0,
      1,
      3,
      2,
      4,
      0,
      4,
      2,
      2,
      3,
      1,
      4,
      0,
      3,
      1,
      2,
      2,
      1,
      0,
      4,
      0,
      0,
      2,
      3,
      0,
      4,
      3,
      2,
      1,
      4,
      2,
      0,
      2,
      2,
      3,
      1,
      2,
      0,
      0,
      2,
      2,
      1,
      2,
      2,
      3,
      0,
      0,
      4,
      3,
      2,
      2,
      0,
      2,
      4,
      0,
      3,
      2,
      4,
      3,
      0,
      2,
      3,
      3,
      3,
      1,
      0,
      3,
      3,
      4,
      3,
      4,
      2,
      4,
      2,
      0,
      0,
      0,
      1,
      3,
      0,
      3,
      1,
      1,
      3,
      0,
      1,
      4,
      0,
      0,
      0,
      0,
      3,
      2,
      3,
      2,
      3,
      0,
      2,
      0,
      1,
      3,
      0,
      2,
      2,
      3,
      3,
      0,
      3,
      1,
      0,
      0,
      4,
      0,
      0,
      0,
      2,
      2,
      2,
      0,
      0,
      0,
      2,
      1,
      2,
      3,
      2,
      4,
      0,
      0,
      3,
      0,
      0,
      2,
      1,
      0,
      0,
      0,
      1,
      4,
      3,
      0,
      3,
      2,
      0,
      0,
      1,
      4,
      4,
      2,
      1,
      3,
      3,
      2,
      2,
      0,
      3,
      0,
      2,
      4,
      0,
      2,
      1,
      2,
      0,
      3
    ],
    "random_forest": [
      4,
      2,
      0,
      3,
      0,
      3,
      0,
      0,
      0,
      0,
      1,
      0,
      0,
      1,
      3,
      1,
      2,
      0,
      0,
      4,
      3,
      1,
      1,
      1,
      4,
      0,
      0,
      0,
      1,
      0,
      0,
      0,
      0,
      1,
      0,
      0,
      4,
      0,
      4,
      4,
      0,
      4,
      2,
      2,
      3,
      0,
      4,
      0,
      4,
      1,
      2,
      1,
      4,
      0,
      1,
      0,
      0,
      0,
      2,
      0,
      4,
      3,
      0,
      1,
      4,
      0,
      0,
      0,
      2,
      1,
      0,
      2,
      0,
      0,
      2,
      0,
      1,
      0,
      2,
      4,
      0,
      0,
      4,
      3,
      2,
      2,
      0,
      0,
      4,
      0,
      3,
      1,
      4,
      1,
      0,
      2,
      1,
      1,
      2,
      3,
      0,
      3,
      2,
      4,
      3,
      4,
      2,
      1,
      0,
      0,
      0,
      0,
      0,
      3,
      0,
      3,
      1,
      4,
      3,
      0,
      0,
      1,
      0,
      0,
      0,
      0,
      3,
      0,
      3,
      0,
      0,
      0,
      0,
      0,
      1,
      4,
      0,
      0,
      2,
      3,
      3,
      0,
      2,
      1,
      0,
      0,
      4,
      0,
      0,
      0,
      0,
      2,
      2,
      0,
      0,
      0,
      0,
      0,
      0,
      3,
      0,
      4,
      0,
      0,
      1,
      0,
      0,
      3,
      0,
      0,
      4,
      0,
      3,
      4,
      3,
      0,
      4,
      0,
      0,
      0,
      4,
      4,
      4,
      0,
      1,
      3,
      4,
      2,
      0,
      0,
      2,
      0,
      0,
      4,
      0,
      2,
      1,
      0,
      0,
      0
    ]
  }
}