{
  "accuracy": 0.545,
  "precision_macro": 0.5327391092829599,
  "recall_macro": 0.5789115646258504,
  "f1_macro": 0.5199294232432178,
  "precision_weighted": 0.6638827821547073,
  "recall_weighted": 0.545,
  "f1_weighted": 0.5710620201102217,
  "classification_report": {
    "0": {
      "precision": 0.873015873015873,
      "recall": 0.5612244897959183,
      "f1-score": 0.6832298136645962,
      "support": 98.0
    },
    "1": {
      "precision": 0.5185185185185185,
      "recall": 0.3333333333333333,
      "f1-score": 0.4057971014492754,
      "support": 42.0
    },
    "2": {
      "precision": 0.2765957446808511,
      "recall": 0.65,
      "f1-score": 0.3880597014925373,
      "support": 20.0
    },
    "3": {
      "precision": 0.2682926829268293,
      "recall": 0.55,
      "f1-score": 0.36065573770491804,
      "support": 20.0
    },
    "4": {
      "precision": 0.7272727272727273,
      "recall": 0.8,
      "f1-score": 0.7619047619047619,
      "support": 20.0
    },
    "accuracy": 0.545,
    "macro avg": {
      "precision": 0.5327391092829599,
      "recall": 0.5789115646258504,
      "f1-score": 0.5199294232432178,
      "support": 200.0
    },
    "weighted avg": {
      "precision": 0.6638827821547073,
      "recall": 0.545,
      "f1-score": 0.5710620201102217,
      "support": 200.0
    }
  },
  "confusion_matrix": [
    [
      55,
      5,
      27,
      11,
      0
    ],
    [
      2,
      14,
      5,
      15,
      6
    ],
    [
      5,
      0,
      13,
      2,
      0
    ],
    [
      1,
      6,
      2,
      11,
      0
    ],
    [
      0,
      2,
      0,
      2,
      16
    ]
  ],
  "predictions": [
    4,
    2,
    3,
    1,
    0,
    3,
    2,
    0,
    2,
    3,
    3,
    0,
    0,
    1,
    3,
    1,
    2,
    0,
    0,
    4,
    3,
    1,
    1,
    3,
    4,
    2,
    0,
    0,
    1,
    0,
    0,
    0,
    0,
    1,
    2,
    0,
    1,
    3,
    2,
    4,
    0,
    4,
    2,
    2,
    3,
    1,
    4,
    0,
    3,
    1,
    2,
    2,
    1,
    0,
    4,
    0,
    0,
    2,
    3,
    0,
    4,
    3,
    2,
    1,
    4,
    2,
    0,
    2,
    2,
    3,
    1,
    2,
    0,
    0,
    2,
    2,
    1,
    2,
    2,
    3,
    0,
    0,
    4,
    3,
    2,
    2,
    0,
    2,
    4,
    0,
    3,
    2,
    4,
    3,
    0,
    2,
    3,
    3,
    3,
    1,
    0,
    3,
    3,
    4,
    3,
    4,
    2,
    4,
    2,
    0,
    0,
    0,
    1,
    3,
    0,
    3,
    1,
    1,
    3,
    0,
    1,
    4,
    0,
    0,
    0,
    0,
    3,
    2,
    3,
    2,
    3,
    0,
    2,
    0,
    1,
    3,
    0,
    2,
    2,
    3,
    3,
    0,
    3,
    1,
    0,
    0,
    4,
    0,
    0,
    0,
    2,
    2,
    2,
    0,
    0,
    0,
    2,
    1,
    2,
    3,
    2,
    4,
    0,
    0,
    3,
    0,
    0,
    2,
    1,
    0,
    0,
    0,
    1,
    4,
    3,
    0,
    3,
    2,
    0,
    0,
    1,
    4,
    4,
    2,
    1,
    3,
    3,
    2,
    2,
    0,
    3,
    0,
    2,
    4,
    0,
    2,
    1,
    2,
    0,
    3
  ],
  "prediction_probabilities": [
    [
      4.901952886969692e-10,
      0.0033256151129148082,
      1.2318987516062572e-08,
      0.000881011516240875,
      0.9957933605616616
    ],
    [
      0.29267079720628963,
      0.001667020339492777,
      0.6954684423604237,
      0.010185082708042113,
      8.65738575188227e-06
    ],
    [
      0.06571983090939972,
      0.34413338790381104,
      0.0980593579745129,
      0.48506870978593575,
      0.007018713426340679
    ],
    [
      0.03211922540007782,
      0.6633670857099713,
      0.07845254908410663,
      0.17263760230135175,
      0.053423537504492545
    ],
    [
      0.5928889187744348,
      0.0006192502377980721,
      0.4056343042053222,
      0.0008575093311252128,
      1.7451319707244696e-08
    ],
    [
      0.06367515777080246,
      0.08413580732791984,
      0.27426667018493583,
      0.5525970932002793,
      0.025325271516062592
    ],
    [
      0.2915401767523567,
      0.05631820775117211,
      0.5890167009032189,
      0.0630546655726671,
      7.024902058524912e-05
    ],
    [
      0.5266068181229691,
      0.046801644279529146,
      0.3104032642346079,
      0.11607975217172287,
      0.00010852119117090749
    ],
    [
      0.4957840324859431,
      0.0003126490988740083,
      0.5023195559854485,
      0.0015805179997238675,
      3.244430010533259e-06
    ],
    [
      0.17253344985896432,
      0.2300189779989714,
      0.2559136297723607,
      0.33817746056993425,
      0.0033564817997693702
    ],
    [
      0.0002498006400687794,
      0.4326586843246086,
      0.0008998852562201726,
      0.44776076670372994,
      0.11843086307537262
    ],
    [
      0.7507096435964287,
      0.01047750751046739,
      0.23037100625130716,
      0.00844121954058218,
      6.231012145791451e-07
    ],
    [
      0.5704158032888447,
      0.002712977602693789,
      0.4154618597266962,
      0.01140798260733671,
      1.3767744286671618e-06
    ],
    [
      8.024476241382244e-05,
      0.5313244070335428,
      8.561045716680284e-05,
      0.0430621351460474,
      0.425447602600829
    ],
    [
      0.015455512428393162,
      0.2021421112039548,
      0.0464407194930188,
      0.6890645117885039,
      0.04689714508612931
    ],
    [
      0.004550593414827337,
      0.5554174729113901,
      0.003017484708531162,
      0.17980401642272303,
      0.2572104325425284
    ],
    [
      0.28262714975256326,
      0.09652461045455507,
      0.5361281472555043,
      0.08314524082719169,
      0.0015748517101858046
    ],
    [
      0.4991661636381624,
      0.18885506114633702,
      0.15085034519855875,
      0.15877787808594765,
      0.0023505519309942944
    ],
    [
      0.8090429631502485,
      0.024107330358275843,
      0.15079431632595905,
      0.016048665916370098,
      6.724249146414e-06
    ],
    [
      2.651432237387947e-07,
      0.01922248630275567,
      5.56209867230626e-06,
      0.009544163825380748,
      0.9712275226299675
    ],
    [
      0.08210600253592164,
      0.10975885708138017,
      0.29522132527084266,
      0.5002938538615673,
      0.01261996125028812
    ],
    [
      0.008675913669558718,
      0.44673878315793014,
      0.005674748762546373,
      0.3655172445554873,
      0.1733933098544776
    ],
    [
      0.0005187774214658094,
      0.4547182355376998,
      0.0010268321929928674,
      0.38725172659509804,
      0.15648442825274345
    ],
    [
      0.06389820196355449,
      0.2833619665620147,
      0.2361794939563015,
      0.41219907228582847,
      0.004361265232300768
    ],
    [
      1.8726286657150873e-05,
      0.10586024451630943,
      0.0002500299179392938,
      0.11472149496823221,
      0.7791495043108619
    ],
    [
      0.45514173014514275,
      0.01605810145252018,
      0.5135292211634809,
      0.014544893160669033,
      0.0007260540781871285
    ],
    [
      0.3578120593410447,
      0.0993257113033416,
      0.25797060701167157,
      0.2787709646482147,
      0.0061206576957274095
    ],
    [
      0.6893190123337252,
      0.07702746304809507,
      0.15005253847743605,
      0.08352798886567833,
      7.299727506523508e-05
    ],
    [
      0.03197621270945103,
      0.5780479459196031,
      0.08912402068521295,
      0.2854105025126532,
      0.015441318173079699
    ],
    [
      0.663528892972551,
      0.006758066584891161,
      0.315300107744556,
      0.014404691398636092,
      8.241299365720479e-06
    ],
    [
      0.5862106373411549,
      0.038570664988279844,
      0.3027156748270763,
      0.07233261625432348,
      0.00017040658916536673
    ],
    [
      0.7371167648325496,
      8.134217133986589e-07,
      0.2628798974727457,
      2.5242639095441708e-06,
      9.081549515489692e-12
    ],
    [
      0.8259832866773673,
      0.003177164470730564,
      0.16379490944668812,
      0.007028075954922637,
      1.6563450291228865e-05
    ],
    [
      0.04801606079166063,
      0.7727063472508188,
      0.013492384681308018,
      0.16171511353903908,
      0.004070093737173399
    ],
    [
      0.4151507451965437,
      0.0033058490957635915,
      0.5762229917618029,
      0.005310239453487075,
      1.017449240265066e-05
    ],
    [
      0.5888458797595749,
      0.015825998518536687,
      0.3694177506840062,
      0.025904577308810142,
      5.793729072107095e-06
    ],
    [
      0.10702436398309807,
      0.39244732631083223,
      0.043716704070527905,
      0.3219482397759566,
      0.13486336585958514
    ],
    [
      0.07663186807461708,
      0.2022215110922838,
      0.17642782023924977,
      0.5353641645261292,
      0.00935463606772016
    ],
    [
      0.05329095314560332,
      0.01584352317672897,
      0.8184303269803545,
      0.09758968810190656,
      0.014845508595406825
    ],
    [
      0.00018590537010880335,
      0.13841230998153387,
      0.0006322048812955519,
      0.04886060476118853,
      0.8119089750058732
    ],
    [
      0.6234483422176343,
      0.029712102357133452,
      0.24798262962502163,
      0.09881499828568104,
      4.192751452951741e-05
    ],
    [
      3.2312743357505827e-08,
      0.008120677200932498,
      2.0884542842253824e-07,
      0.003991747125475596,
      0.9878873345154202
    ],
    [
      0.1898911225767251,
      0.023212438415537263,
      0.7064900407468405,
      0.07826088942775072,
      0.0021455088331463193
    ],
    [
      0.27539712644109415,
      0.0003570248311176192,
      0.722721664728742,
      0.0015224375402953436,
      1.7464587508984675e-06
    ],
    [
      0.006773050492041907,
      0.3039551558803568,
      0.014818703579546406,
      0.6010268120760567,
      0.07342627797199813
    ],
    [
      0.09693123856804602,
      0.42581841799053977,
      0.1484703293782036,
      0.30872913565629606,
      0.020050878406914475
    ],
    [
      2.9809842448301594e-07,
      0.10979278833396079,
      1.948490679013943e-06,
      0.01989787402408124,
      0.8703070910528545
    ],
    [
      0.42876071407424643,
      0.11647627452114721,
      0.3361139534964304,
      0.11210953618052825,
      0.00653952172764772
    ],
    [
      0.03538285688522587,
      0.30029381706116604,
      0.07117398085804859,
      0.4189941008753225,
      0.17415524432023702
    ],
    [
      0.0017665324599041737,
      0.4886129556495028,
      0.023753303395024468,
      0.3016011210185912,
      0.18426608747697729
    ],
    [
      0.2342397174108491,
      3.239515998865921e-05,
      0.765225667466264,
      0.0005021839625760274,
      3.6000322246174206e-08
    ],
    [
      0.2697495503878198,
      0.022507284854799033,
      0.6863557547979839,
      0.021369723973657963,
      1.7685985739236416e-05
    ],
    [
      0.0012344696713115053,
      0.55827511116677,
      0.0015108343261784197,
      0.28906975998541856,
      0.14990982485032142
    ],
    [
      0.4597097765352003,
      0.03974370939247909,
      0.3358261217310715,
      0.16214655361164235,
      0.0025738387296068773
    ],
    [
      3.525636464385585e-05,
      0.38464654844979546,
      0.00013280777293652463,
      0.20155692070394138,
      0.4136284667086828
    ],
    [
      0.5390924557303566,
      0.025589983405197133,
      0.39371553897831724,
      0.04037550374236169,
      0.001226518143767343
    ],
    [
      0.8894673202498111,
      0.004087874909689999,
      0.10329514515058476,
      0.0031493052470679323,
      3.544428463772952e-07
    ],
    [
      0.39856289983955673,
      0.007940362990270153,
      0.5208660711699555,
      0.0723494945487929,
      0.0002811714514247416
    ],
    [
      0.2644452583622773,
      0.09236364967407114,
      0.2527855116010197,
      0.38976643238117253,
      0.0006391479814594373
    ],
    [
      0.6754641293287017,
      8.998433982291216e-06,
      0.32448379281307965,
      4.3043073216106105e-05,
      3.635102012812569e-08
    ],
    [
      6.628274543184924e-11,
      0.004704318988885665,
      1.424459975846864e-09,
      0.00031943015770786136,
      0.9949762493626637
    ],
    [
      0.012641817550441744,
      0.26047961825397503,
      0.024127107373665906,
      0.580342042707261,
      0.1224094141146564
    ],
    [
      0.3958926278910374,
      0.0001093893374750098,
      0.6035544010109714,
      0.000443545440148982,
      3.6320367093489466e-08
    ],
    [
      0.0017192590767971879,
      0.7020164003147494,
      0.005110942093823312,
      0.24622510618589166,
      0.044928292328738406
    ],
    [
      2.2401793467077405e-06,
      0.15101820699525922,
      5.078152961433455e-06,
      0.042474620726589175,
      0.8064998539458433
    ],
    [
      0.3486630961458365,
      0.001480559876523934,
      0.6469012224351007,
      0.002922236950752451,
      3.288459178627565e-05
    ],
    [
      0.39706048794019755,
      0.3183312229480505,
      0.1253891461103099,
      0.1591129853102727,
      0.00010615769116925781
    ],
    [
      0.3311648993189802,
      0.11652030052484932,
      0.3531385626130723,
      0.19702268326008415,
      0.002153554283013991
    ],
    [
      0.25776475388973236,
      0.036024346040403867,
      0.5895590897967503,
      0.11412097391812794,
      0.002530836354985592
    ],
    [
      0.06255070343192672,
      0.30928485740435896,
      0.1257193745868876,
      0.4601708354986894,
      0.042274229078137306
    ],
    [
      0.2999178362924529,
      0.33177005503307544,
      0.14672071460886257,
      0.19997304260412474,
      0.021618351461484393
    ],
    [
      0.34420646564408547,
      0.004184196475444426,
      0.621246379363857,
      0.030092103281633552,
      0.0002708552349795347
    ],
    [
      0.6934531403593502,
      5.612592210346039e-05,
      0.30635666956339863,
      0.0001340623582895805,
      1.7968580415416394e-09
    ],
    [
      0.7155345540312116,
      0.003513015909082024,
      0.2725020700914272,
      0.008446995336487373,
      3.3646317918871393e-06
    ],
    [
      0.14118726749876923,
      0.06532577707984676,
      0.5745558465234385,
      0.21693539482915142,
      0.001995714068794191
    ],
    [
      0.12829333019359243,
      0.009135969694309186,
      0.828522317195957,
      0.033405600372874954,
      0.0006427825432664039
    ],
    [
      0.0009787622245352897,
      0.8142372007476516,
      0.0015066305700550682,
      0.0956221844687432,
      0.08765522198901486
    ],
    [
      0.4606164213596928,
      0.008623807385322257,
      0.48311632112206665,
      0.047631374620177386,
      1.2075512740849521e-05
    ],
    [
      0.2033284920431612,
      0.047116049856473004,
      0.600356608933458,
      0.1447319230947318,
      0.004466926072176199
    ],
    [
      0.03532125725019493,
      0.4322033153198314,
      0.05088712534187047,
      0.4408727575007235,
      0.04071554458737989
    ],
    [
      0.6737753132188364,
      0.00949373302425269,
      0.28099121146069855,
      0.03573043095836314,
      9.311337849184868e-06
    ],
    [
      0.7420336205146852,
      8.45145185771103e-06,
      0.25792244736485576,
      3.5480361631485254e-05,
      3.0696978144326735e-10
    ],
    [
      3.744748286709424e-09,
      0.004828449990344087,
      3.301928011991608e-08,
      0.0007945168132039415,
      0.9943769964324235
    ],
    [
      0.013151873240718967,
      0.23368635126696163,
      0.05270266621875319,
      0.6510613329094009,
      0.049397776364165216
    ],
    [
      0.2501393448372995,
      0.0005219970099450469,
      0.746085445594368,
      0.003244690547458383,
      8.522010929167646e-06
    ],
    [
      0.1760557394838066,
      0.12417253841581125,
      0.5705589744779939,
      0.12452914294440284,
      0.004683604677985525
    ],
    [
      0.530621118081324,
      2.8907343261268198e-05,
      0.4692501404094182,
      9.983194167235118e-05,
      2.224324173180498e-09
    ],
    [
      0.3230059633180926,
      0.17641897482025748,
      0.3586231468434949,
      0.13910793953098183,
      0.0028439754871732617
    ],
    [
      2.91812700377422e-05,
      0.04377667892815603,
      6.874283240349044e-05,
      0.03856571816659518,
      0.9175596788028076
    ],
    [
      0.8480914376613802,
      1.4304767139304342e-05,
      0.15179812424159536,
      9.609290834687519e-05,
      4.042153844057178e-08
    ],
    [
      0.00605355728533521,
      0.24856705982487154,
      0.05916298819578732,
      0.4987859355934422,
      0.1874304591005638
    ],
    [
      0.30265617466608485,
      0.1371621953857939,
      0.40314180125959626,
      0.15688706738315422,
      0.0001527613053707525
    ],
    [
      3.840592185456119e-08,
      0.01603967084948048,
      8.993046967508645e-07,
      0.004742731728278995,
      0.979216659711622
    ],
    [
      0.03799917684955228,
      0.2745692528352922,
      0.19297048641880077,
      0.3751528621621055,
      0.1193082217342493
    ],
    [
      0.7159240143586569,
      0.0036646818089169104,
      0.2632127384191112,
      0.017168679299795923,
      2.9886113519017698e-05
    ],
    [
      0.3105393823334724,
      0.0693429051758681,
      0.4925135819394278,
      0.11934618107344118,
      0.008257949477790662
    ],
    [
      0.005646906712448229,
      0.20822851302645565,
      0.022789807399624606,
      0.3889602413553087,
      0.3743745315061629
    ],
    [
      0.10754200299598801,
      0.2813744682747008,
      0.0991305674497188,
      0.5108650817141923,
      0.0010878795653999583
    ],
    [
      0.15607545706479845,
      0.12282933612263436,
      0.2830086163144847,
      0.3948528443018451,
      0.04323374619623739
    ],
    [
      0.0035669552994164323,
      0.47759026599883114,
      0.03048743638905326,
      0.4613860402888859,
      0.026969302023813136
    ],
    [
      0.7665941366792942,
      0.00026182402192105267,
      0.2322787303357183,
      0.0008652522370569477,
      5.67260095432547e-08
    ],
    [
      0.032799198434306995,
      0.1737949178183641,
      0.09051801505820116,
      0.4674033572980375,
      0.23548451139109042
    ],
    [
      0.06397217029751111,
      0.2612462001616041,
      0.22249166906318962,
      0.4443079802441992,
      0.00798198023349604
    ],
    [
      1.096012915674812e-10,
      0.011635693932083229,
      7.053764995080298e-10,
      0.0012786207470433992,
      0.9870856845058955
    ],
    [
      0.03133917333260586,
      0.23534549772991636,
      0.09909676858362021,
      0.5908229645352058,
      0.04339559581865176
    ],
    [
      0.0007914408739696834,
      0.18160467859214102,
      0.007313058023193306,
      0.12108787149631142,
      0.6892029510143844
    ],
    [
      0.1656381031601434,
      0.004822926645145872,
      0.7997649813253424,
      0.02972054207451119,
      5.344679485701087e-05
    ],
    [
      9.23736818393202e-10,
      0.019419303856041566,
      1.371999730740803e-09,
      0.0005637225367108766,
      0.980016971311511
    ],
    [
      0.2912187820613086,
      0.04610865150449837,
      0.581742025240852,
      0.08075654653344459,
      0.00017399465989664873
    ],
    [
      0.9396794927652378,
      2.9273077886697928e-06,
      0.0603002450386512,
      1.7334825959210393e-05,
      6.236328650671965e-11
    ],
    [
      0.808235697195625,
      5.17396934328219e-06,
      0.19174673410739157,
      1.2394721508245558e-05,
      6.132146065153265e-12
    ],
    [
      0.8042624967462513,
      0.00020305669947337838,
      0.19439243361225142,
      0.001141939250095538,
      7.369192834942773e-08
    ],
    [
      0.21580076506706014,
      0.3730307400210072,
      0.07441051643736336,
      0.3309216496743767,
      0.0058363288001925875
    ],
    [
      0.02781429808772881,
      0.21339322072194078,
      0.07592990107761292,
      0.45400648769999546,
      0.2288560924127219
    ],
    [
      0.7406203233128975,
      0.014269044400852112,
      0.21660313097607514,
      0.028268875933786027,
      0.00023862537638927705
    ],
    [
      0.004915693134899274,
      0.15525530080617753,
      0.025979373348045533,
      0.5665255579809427,
      0.24732407472993492
    ],
    [
      0.0007773641329490359,
      0.7011328883496819,
      0.00034147280602317285,
      0.17997436884377793,
      0.1177739058675678
    ],
    [
      0.0006737790403998608,
      0.6277974947805763,
      0.0015559506281474444,
      0.1515513111555787,
      0.21842146439529775
    ],
    [
      0.003217510147631355,
      0.3894239290094251,
      0.017487256943836012,
      0.4209357111398851,
      0.16893559275922246
    ],
    [
      0.8366025588689442,
      0.002913808854917261,
      0.14835192316211301,
      0.012102128559500991,
      2.9580554524276284e-05
    ],
    [
      0.253108314019017,
      0.37202129996328753,
      0.11190727305679446,
      0.26272336502952,
      0.00023974793138095961
    ],
    [
      8.383654406975892e-07,
      0.39030389293702455,
      1.719530276722966e-06,
      0.07738915309892316,
      0.5323043960683348
    ],
    [
      0.5271040913826065,
      0.026514915299387418,
      0.4341879514617373,
      0.011410445368894519,
      0.0007825964873743162
    ],
    [
      0.3474094389945328,
      0.06922909277469978,
      0.30423918330543964,
      0.2791107558824737,
      1.1529042854058692e-05
    ],
    [
      0.7916793460725896,
      3.816644633276242e-05,
      0.20811053500255486,
      0.00017195013485187194,
      2.343670977584937e-09
    ],
    [
      0.736468370419512,
      0.002919716220462549,
      0.2572544844065221,
      0.0033259661118184777,
      3.146284168487753e-05
    ],
    [
      0.004438756913557129,
      0.2017835479531733,
      0.017797324520228645,
      0.6508398413078208,
      0.12514052930522018
    ],
    [
      0.34747597687203075,
      0.018896914612278024,
      0.6071951409837572,
      0.02407316096719123,
      0.0023588065647428187
    ],
    [
      0.04342959681411571,
      0.18411362664799752,
      0.11403311971283252,
      0.6489052173703055,
      0.009518439454748711
    ],
    [
      0.3057567526510158,
      0.08361908426744132,
      0.4842926726471612,
      0.10186323165457732,
      0.02446825877980451
    ],
    [
      0.15024473891425075,
      0.12093249817106422,
      0.2366274267195818,
      0.46552596207512853,
      0.026669374119974703
    ],
    [
      0.6936224077265174,
      0.0007130317916461158,
      0.30489395136149283,
      0.000770595844607547,
      1.327573610177621e-08
    ],
    [
      0.34566596779092795,
      0.005372935567938627,
      0.6271542707461462,
      0.02179179249386829,
      1.5033401118929306e-05
    ],
    [
      0.6541857737353797,
      0.010316803013054397,
      0.33111687461110784,
      0.004375797304293571,
      4.751336164485524e-06
    ],
    [
      0.03111684913158417,
      0.6650328777133274,
      0.07130724649584028,
      0.1915611978183309,
      0.04098182884091711
    ],
    [
      0.016234283484818517,
      0.24271531311968786,
      0.10092775600767026,
      0.5008214178744953,
      0.1393012295133281
    ],
    [
      0.6216026190759131,
      2.5193682720368247e-05,
      0.3782330217590723,
      0.00013915924790334683,
      6.234390677325747e-09
    ],
    [
      0.4432695590545346,
      0.005519400186556099,
      0.544042001511637,
      0.007139279212261486,
      2.9760035010823077e-05
    ],
    [
      0.20898561980688615,
      0.04160752456671762,
      0.601744221995295,
      0.14716989493049937,
      0.0004927387006018983
    ],
    [
      0.02564794552907012,
      0.27989639275856465,
      0.031127094825235655,
      0.6332282194312885,
      0.030100347455841024
    ],
    [
      0.02312718177814393,
      0.34563606973236255,
      0.02099466434344465,
      0.5986729883950083,
      0.011569095751040552
    ],
    [
      0.7927639699841892,
      3.1527884867846008e-06,
      0.20720549241915615,
      2.738372354372262e-05,
      1.084624298069772e-09
    ],
    [
      0.07119183408250995,
      0.17856531545588308,
      0.29314332375455976,
      0.4204642723463683,
      0.03663525436067873
    ],
    [
      0.14174404518186431,
      0.4948936699327486,
      0.04787481406213644,
      0.29790792277993844,
      0.017579548043312215
    ],
    [
      0.8373890881553439,
      0.010091133897083885,
      0.140283637957552,
      0.012188961685847976,
      4.717830417231132e-05
    ],
    [
      0.45689448251675835,
      0.05541269378128917,
      0.32507881931726984,
      0.15939934649846035,
      0.0032146578862223313
    ],
    [
      0.0001772579005629359,
      0.4321639924962524,
      0.00021498001417223186,
      0.11594186486008852,
      0.4515019047289238
    ],
    [
      0.8111326375163221,
      0.0015038684851500042,
      0.18370416691498748,
      0.003658542062243816,
      7.85021296438059e-07
    ],
    [
      0.38576693662271877,
      0.2476197651368765,
      0.20681497559092987,
      0.1286903487757648,
      0.031107973873709956
    ],
    [
      0.8267624239076173,
      0.007417963884411537,
      0.14270941030683734,
      0.0231080295205059,
      2.172380627736452e-06
    ],
    [
      0.4729388828477186,
      0.0016338535777433915,
      0.5122323427767663,
      0.013191414397395169,
      3.506400376408051e-06
    ],
    [
      0.27156519214640756,
      0.0035257962512736545,
      0.710462042232347,
      0.014318933801378044,
      0.00012803556859364252
    ],
    [
      0.1892381667369078,
      0.059910312723155106,
      0.5733419390233677,
      0.17729408427246507,
      0.00021549724410428438
    ],
    [
      0.35687105334971003,
      0.12915473416892148,
      0.16641919876353486,
      0.34638846695853875,
      0.0011665467592948656
    ],
    [
      0.5546538597819528,
      4.824430998028324e-06,
      0.4453053051327825,
      3.6010575813232947e-05,
      7.845346441963731e-11
    ],
    [
      0.7510876092166456,
      1.7593468891102312e-05,
      0.24886706668525344,
      2.7730608350567923e-05,
      2.0859252242634373e-11
    ],
    [
      0.4574902219150158,
      0.013701356180181064,
      0.5087759452397032,
      0.020024858130035936,
      7.618535064009352e-06
    ],
    [
      0.12523835637647843,
      0.45201889129129985,
      0.054186711854009875,
      0.35389876736590564,
      0.014657273112306206
    ],
    [
      0.36005738820270944,
      0.0003930984228710412,
      0.638261548445719,
      0.0012879595817426454,
      5.346957868508364e-09
    ],
    [
      0.0006925655447179261,
      0.2546526175663279,
      0.002108076196179946,
      0.48504669044670873,
      0.2575000502460656
    ],
    [
      0.3173915060836465,
      0.15104914535069644,
      0.444293743396139,
      0.07842041454158076,
      0.008845190627937262
    ],
    [
      0.00014654179423949785,
      0.3924229769952178,
      0.0005591197245817205,
      0.18875891553208715,
      0.41811244595387387
    ],
    [
      0.9272088405890532,
      2.325746949913524e-07,
      0.07278980101166299,
      1.125824367377434e-06,
      2.2125744089152964e-13
    ],
    [
      0.6235034725762393,
      0.0038195878778355726,
      0.3632290915591912,
      0.009430971507685416,
      1.6876479048682747e-05
    ],
    [
      0.0005965641611414255,
      0.29415310712227294,
      0.002434701148641061,
      0.39684767457797404,
      0.3059679529899706
    ],
    [
      0.6021340206013436,
      0.003975381020835379,
      0.3890961635747976,
      0.004789060437435915,
      5.374365587490461e-06
    ],
    [
      0.849774920951786,
      0.0009478923347400785,
      0.14755361798597613,
      0.0017234947873034068,
      7.39401944853933e-08
    ],
    [
      0.09795782415796774,
      0.06324223802064645,
      0.6685087639913672,
      0.16658748441209265,
      0.0037036894179259534
    ],
    [
      0.02893502020786772,
      0.40101205667436135,
      0.08767611535511911,
      0.19882549687902892,
      0.283551310883623
    ],
    [
      0.5258262159560267,
      0.14822708566005988,
      0.16929607306214345,
      0.15458647254886979,
      0.0020641527729002504
    ],
    [
      0.5789500827140496,
      0.001895942372486306,
      0.40561417339010447,
      0.013518882034709355,
      2.091948865017221e-05
    ],
    [
      0.9106746465836392,
      0.0007535921888178007,
      0.0871583058004971,
      0.0014134290078756555,
      2.6419170241337237e-08
    ],
    [
      0.0016683311559194994,
      0.4861451836250158,
      0.0025450329604199675,
      0.45156986722759745,
      0.05807158503104736
    ],
    [
      6.865157348118062e-06,
      0.18133994005830542,
      8.187208153630203e-06,
      0.05945980616757965,
      0.7591852014086131
    ],
    [
      0.010915572494724059,
      0.42682961931941027,
      0.03978517497120268,
      0.4456143737805511,
      0.07685525943411171
    ],
    [
      0.5177713023346551,
      0.026735329569338336,
      0.3814269019777814,
      0.0727986947363037,
      0.0012677713819213387
    ],
    [
      0.013652147354973198,
      0.2130791753493069,
      0.07126844431380007,
      0.40550895859715375,
      0.2964912743847661
    ],
    [
      0.3538829624466208,
      0.003216968806008373,
      0.605729148325571,
      0.03705833172309386,
      0.0001125886987059761
    ],
    [
      0.6015036881739732,
      3.4214765321486286e-06,
      0.3984776917037216,
      1.5197547046775736e-05,
      1.0987262546145917e-09
    ],
    [
      0.3417236982585224,
      0.1065207693007004,
      0.32950215968600227,
      0.2161725284443961,
      0.0060808443103789085
    ],
    [
      0.0026998990483724115,
      0.48219606964138834,
      0.002955241064952668,
      0.24196911313120945,
      0.27017967711407703
    ],
    [
      0.0004188817868049758,
      0.19919064068504036,
      0.001606324077340947,
      0.21521212356046787,
      0.5835720298903458
    ],
    [
      2.162752670783922e-06,
      0.03966111308996987,
      4.597376688097873e-06,
      0.020084813981735103,
      0.9402473127989361
    ],
    [
      0.2599422577931374,
      0.00038624874543540997,
      0.7378316384058705,
      0.0018397830841908865,
      7.197136590776132e-08
    ],
    [
      0.0014031816818050114,
      0.5832027347651095,
      0.0010249521101001263,
      0.23796200261487885,
      0.1764071288281065
    ],
    [
      0.21486602234358856,
      0.09981227499903376,
      0.28210581217600605,
      0.3830055336728804,
      0.020210356808491255
    ],
    [
      0.005279242111016275,
      0.2161548554024816,
      0.02245596404369212,
      0.45215034499913004,
      0.30395959344368
    ],
    [
      0.10472514132884495,
      0.02710628395315415,
      0.7837050258156808,
      0.08366583615582084,
      0.0007977127464991703
    ],
    [
      0.33610271345690096,
      0.05330595606640395,
      0.42087845785274963,
      0.18372042101892802,
      0.005992451605017357
    ],
    [
      0.8455884180825932,
      0.00019585877519800578,
      0.15355078795314614,
      0.0006649100456469131,
      2.5143415701802735e-08
    ],
    [
      0.01839035723464933,
      0.2624853428420748,
      0.11665009337485008,
      0.49150475891911355,
      0.11096944762931235
    ],
    [
      0.6500172780202224,
      0.00048172466647307524,
      0.34727752336072143,
      0.0022234038896202556,
      7.006296282316284e-08
    ],
    [
      0.3589765154746243,
      0.10289667664051033,
      0.38403455311241347,
      0.14934097769425375,
      0.004751277078198146
    ],
    [
      7.596112499868057e-07,
      0.13140204175688724,
      4.693344802326351e-06,
      0.026035454496947545,
      0.8425570507901128
    ],
    [
      0.8487498864795412,
      0.006901148563578353,
      0.13711376365724828,
      0.007234552724553528,
      6.48575078876415e-07
    ],
    [
      0.13280441998796835,
      0.04016151748130568,
      0.6229689777679022,
      0.17985902071292229,
      0.024206064049901638
    ],
    [
      0.024745279344050162,
      0.5298309509238205,
      0.006952850441858074,
      0.2020650998922773,
      0.23640581939799404
    ],
    [
      0.47187882333673514,
      0.014658023883038617,
      0.5044379699069489,
      0.009015730578336588,
      9.452294940764808e-06
    ],
    [
      0.7504763846654768,
      0.00029296939442129594,
      0.24830379380408235,
      0.0009268335226076767,
      1.8613411813807737e-08
    ],
    [
      0.24510904906421865,
      0.13056126010380303,
      0.2164757279480022,
      0.38871132008394754,
      0.019142642800028486
    ]
  ]
}