{
  "accuracy": 0.585,
  "precision_macro": 0.4707423839100858,
  "recall_macro": 0.5049659863945578,
  "f1_macro": 0.4771597197018343,
  "precision_weighted": 0.5888405797101448,
  "recall_weighted": 0.585,
  "f1_weighted": 0.5791080711354308,
  "classification_report": {
    "0": {
      "precision": 0.7653061224489796,
      "recall": 0.7653061224489796,
      "f1-score": 0.7653061224489796,
      "support": 98.0
    },
    "1": {
      "precision": 0.5,
      "recall": 0.30952380952380953,
      "f1-score": 0.38235294117647056,
      "support": 42.0
    },
    "2": {
      "precision": 0.21739130434782608,
      "recall": 0.25,
      "f1-score": 0.23255813953488372,
      "support": 20.0
    },
    "3": {
      "precision": 0.30434782608695654,
      "recall": 0.35,
      "f1-score": 0.32558139534883723,
      "support": 20.0
    },
    "4": {
      "precision": 0.5666666666666667,
      "recall": 0.85,
      "f1-score": 0.68,
      "support": 20.0
    },
    "accuracy": 0.585,
    "macro avg": {
      "precision": 0.4707423839100858,
      "recall": 0.5049659863945578,
      "f1-score": 0.4771597197018343,
      "support": 200.0
    },
    "weighted avg": {
      "precision": 0.5888405797101448,
      "recall": 0.585,
      "f1-score": 0.5791080711354308,
      "support": 200.0
    }
  },
  "confusion_matrix": [
    [
      75,
      4,
      14,
      4,
      1
    ],
    [
      7,
      13,
      2,
      10,
      10
    ],
    [
      11,
      1,
      5,
      2,
      1
    ],
    [
      5,
      5,
      2,
      7,
      1
    ],
    [
      0,
      3,
      0,
      0,
      17
    ]
  ],
  "predictions": [
    4,
    2,
    0,
    3,
    0,
    3,
    0,
    0,
    0,
    0,
    1,
    0,
    0,
    1,
    3,
    1,
    2,
    0,
    0,
    4,
    3,
    1,
    1,
    1,
    4,
    0,
    0,
    0,
    1,
    0,
    0,
    0,
    0,
    1,
    0,
    0,
    4,
    0,
    4,
    4,
    0,
    4,
    2,
    2,
    3,
    0,
    4,
    0,
    4,
    1,
    2,
    1,
    4,
    0,
    1,
    0,
    0,
    0,
    2,
    0,
    4,
    3,
    0,
    1,
    4,
    0,
    0,
    0,
    2,
    1,
    0,
    2,
    0,
    0,
    2,
    0,
    1,
    0,
    2,
    4,
    0,
    0,
    4,
    3,
    2,
    2,
    0,
    0,
    4,
    0,
    3,
    1,
    4,
    1,
    0,
    2,
    1,
    1,
    2,
    3,
    0,
    3,
    2,
    4,
    3,
    4,
    2,
    1,
    0,
    0,
    0,
    0,
    0,
    3,
    0,
    3,
    1,
    4,
    3,
    0,
    0,
    1,
    0,
    0,
    0,
    0,
    3,
    0,
    3,
    0,
    0,
    0,
    0,
    0,
    1,
    4,
    0,
    0,
    2,
    3,
    3,
    0,
    2,
    1,
    0,
    0,
    4,
    0,
    0,
    0,
    0,
    2,
    2,
    0,
    0,
    0,
    0,
    0,
    0,
    3,
    0,
    4,
    0,
    0,
    1,
    0,
    0,
    3,
    0,
    0,
    4,
    0,
    3,
    4,
    3,
    0,
    4,
    0,
    0,
    0,
    4,
    4,
    4,
    0,
    1,
    3,
    4,
    2,
    0,
    0,
    2,
    0,
    0,
    4,
    0,
    2,
    1,
    0,
    0,
    0
  ],
  "prediction_probabilities": [
    [
      0.01463535594775656,
      0.27130638592981876,
      0.042574906184796944,
      0.11431870939907836,
      0.5571646425385491
    ],
    [
      0.2955640299316512,
      0.06421493652661167,
      0.5035366069085689,
      0.1256990635623942,
      0.010985363070774192
    ],
    [
      0.3167585349688635,
      0.19077410112575086,
      0.17668171638206762,
      0.24858527557906435,
      0.06720037194425366
    ],
    [
      0.10516413090817922,
      0.19715618436745103,
      0.13872995913728906,
      0.28424860148279824,
      0.2747011241042825
    ],
    [
      0.6601745317309305,
      0.07182286875628692,
      0.18217889778468324,
      0.08159681614740473,
      0.004226885580694788
    ],
    [
      0.21644222973976615,
      0.14879001047056162,
      0.226278252356922,
      0.28202945239243027,
      0.12646005504031987
    ],
    [
      0.44282780105724545,
      0.16636005946585894,
      0.22355058497421362,
      0.14418147782537147,
      0.02308007667731076
    ],
    [
      0.38305354035523115,
      0.11901951339482675,
      0.2606488689302148,
      0.22306239868147504,
      0.014215678638252538
    ],
    [
      0.6016883373531428,
      0.03825992544303416,
      0.23998518711109423,
      0.10904937420301357,
      0.01101717588971512
    ],
    [
      0.3367817170771088,
      0.21103338686640274,
      0.21381973453902944,
      0.1568297014031837,
      0.08153546011427522
    ],
    [
      0.1261934318782754,
      0.35594576311493337,
      0.032377114980773274,
      0.23059668384133647,
      0.25488700618468163
    ],
    [
      0.412631064300529,
      0.2846514114055999,
      0.1758604121472145,
      0.06007473582926475,
      0.06678237631739185
    ],
    [
      0.4722982493619237,
      0.1027172989352804,
      0.31969616562427877,
      0.09862424766633832,
      0.006664038412179087
    ],
    [
      0.15460148398272106,
      0.34565186757855393,
      0.1164527397073746,
      0.09621176783001828,
      0.2870821409013322
    ],
    [
      0.20707731019406264,
      0.11370436863185136,
      0.1909824400737245,
      0.2895252629254953,
      0.19871061817486643
    ],
    [
      0.12400914151852808,
      0.5106283554518374,
      0.04563226485604277,
      0.1124188879448091,
      0.20731135022878275
    ],
    [
      0.2859793538615206,
      0.21198531150796612,
      0.2880279446953881,
      0.09415509821570454,
      0.11985229171942058
    ],
    [
      0.5267676136641584,
      0.1302249831238725,
      0.1627353325883432,
      0.1541925026357393,
      0.026079567987886815
    ],
    [
      0.6363246594450455,
      0.1392911642157211,
      0.11210570205908478,
      0.05768230231855582,
      0.0545961719615929
    ],
    [
      0.031849590256076046,
      0.2523825438389177,
      0.06096181571122292,
      0.1263714314464353,
      0.5284346187473482
    ],
    [
      0.2514381768223831,
      0.16419351834436346,
      0.21440456843498798,
      0.32629935374907665,
      0.04366438264918861
    ],
    [
      0.2026187780543286,
      0.26528050786234697,
      0.10241184138646174,
      0.19068463206191746,
      0.23900424063494516
    ],
    [
      0.10880843098449373,
      0.3085497938509417,
      0.05201764188207955,
      0.2387103169117225,
      0.2919138163707623
    ],
    [
      0.0768522100389831,
      0.3293136336695536,
      0.18604933467098028,
      0.22048765156973402,
      0.1872971700507489
    ],
    [
      0.05841262875447981,
      0.18353910942318408,
      0.06877224244585971,
      0.2572183242228485,
      0.4320576951536282
    ],
    [
      0.5840588277564261,
      0.08310368291990722,
      0.22185307427676762,
      0.08815412533414642,
      0.0228302897127528
    ],
    [
      0.3802645057456256,
      0.13365409226234357,
      0.2269847655272666,
      0.22239358187631306,
      0.03670305458845137
    ],
    [
      0.6538099252272445,
      0.15998972760455774,
      0.10872874401289229,
      0.050444796898004976,
      0.027026806257300313
    ],
    [
      0.18997582467286878,
      0.38395600936712726,
      0.07327997392819051,
      0.1920286490741198,
      0.16075954295769404
    ],
    [
      0.7086752532602136,
      0.06678167007137104,
      0.14556068630070512,
      0.061166560407780665,
      0.017815829959929533
    ],
    [
      0.5884925911537653,
      0.08230691649059704,
      0.13728664669287727,
      0.18088134125065972,
      0.011032504412101204
    ],
    [
      0.5897879439144218,
      0.07657445760565662,
      0.25620762672900343,
      0.04860849196682919,
      0.028821479784089096
    ],
    [
      0.7101634129413663,
      0.04713276908083125,
      0.15887730261385502,
      0.08150873108005471,
      0.002317784283892692
    ],
    [
      0.3272107953561995,
      0.4205689770359057,
      0.04187260520781866,
      0.14109432767983013,
      0.06925329472024659
    ],
    [
      0.4618473959544082,
      0.08609763882879738,
      0.38456449757337735,
      0.05172609129809033,
      0.015764376345327003
    ],
    [
      0.6013340554574557,
      0.13883412835801356,
      0.1477922043194215,
      0.1007401435963867,
      0.01129946826872272
    ],
    [
      0.2371857818597275,
      0.30031349938085405,
      0.07577049488741536,
      0.08305006352938657,
      0.3036801603426165
    ],
    [
      0.26695889132638473,
      0.2095753697103692,
      0.25258675477603487,
      0.20431591874575095,
      0.06656306544146036
    ],
    [
      0.1787970368295353,
      0.2034071299348074,
      0.17242191397403242,
      0.20755277358026028,
      0.23782114568136453
    ],
    [
      0.07704042546183235,
      0.2855067629779124,
      0.0644122870603365,
      0.14755712225576106,
      0.42548340224415787
    ],
    [
      0.3960180554164152,
      0.1554733480147757,
      0.10176820565753328,
      0.2393963382509512,
      0.10734405266032511
    ],
    [
      0.03873092157045994,
      0.20937094364135675,
      0.041394270160498244,
      0.10497153396615158,
      0.6055323306615329
    ],
    [
      0.17770045176173954,
      0.078253553162049,
      0.5619219790363407,
      0.1250366986368989,
      0.05708731740297193
    ],
    [
      0.2007137211513815,
      0.12768046253437967,
      0.42802626520728726,
      0.18207813808263365,
      0.06150141302431812
    ],
    [
      0.1889331784854287,
      0.27405105872223323,
      0.14485439872681477,
      0.3215402022426894,
      0.07062116182283375
    ],
    [
      0.32971615255518233,
      0.2350736445183235,
      0.11980346870223625,
      0.23520224792862374,
      0.08020448629563459
    ],
    [
      0.012940998435016034,
      0.2523398768608882,
      0.023378118682252313,
      0.12355323958673671,
      0.5877877664351064
    ],
    [
      0.48347954452445124,
      0.13686845356126381,
      0.1640209479335601,
      0.17978980983475248,
      0.03584124414597264
    ],
    [
      0.14058747789491882,
      0.19930204671294957,
      0.08934916738658981,
      0.11331025188312148,
      0.4574510561224203
    ],
    [
      0.04973389082777778,
      0.40697390114880594,
      0.10009838738285215,
      0.20442025039386566,
      0.2387735702466986
    ],
    [
      0.2958439243120493,
      0.06282145544471976,
      0.49298788536110577,
      0.1288237239803249,
      0.01952301090180059
    ],
    [
      0.2635479295054142,
      0.2999567253282351,
      0.25933628214799187,
      0.11117561127446797,
      0.06598345174389128
    ],
    [
      0.04940879225851599,
      0.3847708816289384,
      0.048613297924141166,
      0.12924766456989986,
      0.3879593636185045
    ],
    [
      0.27684230429151313,
      0.22245545286392393,
      0.1252272976515201,
      0.235538872354968,
      0.1399360728380748
    ],
    [
      0.02814635121024066,
      0.377994593203911,
      0.059984358826066626,
      0.22079932207280928,
      0.3130753746869724
    ],
    [
      0.5183712943236001,
      0.07098255825504579,
      0.26601095837696814,
      0.08232724520666082,
      0.062307943837725185
    ],
    [
      0.45758472294379676,
      0.23515671618006925,
      0.18233307436910293,
      0.06943461392587782,
      0.055490872581153386
    ],
    [
      0.4226491509159596,
      0.10402111910008428,
      0.28838872796356174,
      0.15357309935792543,
      0.03136790266246916
    ],
    [
      0.2614869365227113,
      0.1325138064174176,
      0.3047186408425585,
      0.25170917711585594,
      0.049571439101456845
    ],
    [
      0.7316559686515606,
      0.01691346236915472,
      0.20398805924159666,
      0.040628568125312806,
      0.006813941612375678
    ],
    [
      0.007619852596016482,
      0.25467153209295684,
      0.016396097301815182,
      0.09439143392209484,
      0.6269210840871167
    ],
    [
      0.20337315353459387,
      0.2862792157784808,
      0.12553733291836244,
      0.2922447947795206,
      0.09256550298904212
    ],
    [
      0.5827149237220558,
      0.08251712326874915,
      0.2555940358856182,
      0.06940657522636606,
      0.00976734189721099
    ],
    [
      0.1688878294108776,
      0.2819822788628789,
      0.0850935331943192,
      0.21730582443750934,
      0.24673053409441512
    ],
    [
      0.04855358424235862,
      0.2343559106658193,
      0.04156803765230442,
      0.19894867492536691,
      0.4765737925141505
    ],
    [
      0.4725606162952556,
      0.0601817729059259,
      0.38828278562549934,
      0.06399753709796592,
      0.014977288075353468
    ],
    [
      0.41524769813795176,
      0.34402579966016067,
      0.06066392465303409,
      0.13990806745494405,
      0.04015451009390953
    ],
    [
      0.42639006006604563,
      0.11388945987348364,
      0.1908730319247003,
      0.2535285303597398,
      0.015318917776030633
    ],
    [
      0.29498932011684503,
      0.14419408669749195,
      0.3181445165506946,
      0.15227362955250578,
      0.09039844708246254
    ],
    [
      0.12138959001290166,
      0.2817384152076312,
      0.1662202649204849,
      0.2502444423390751,
      0.1804072875199071
    ],
    [
      0.31738022056336535,
      0.3154993138459091,
      0.1220152972560321,
      0.14714858553673582,
      0.09795658279795769
    ],
    [
      0.25440423309085713,
      0.10522052153707492,
      0.33976632735802886,
      0.14547494501941888,
      0.1551339729946203
    ],
    [
      0.7484252743717293,
      0.04581655542562913,
      0.16473657934535477,
      0.03219181343958833,
      0.008829777417698427
    ],
    [
      0.6648892569950301,
      0.06716538206899132,
      0.17271576179586998,
      0.06831295593559733,
      0.026916643204511346
    ],
    [
      0.29074908361130125,
      0.1934542545670231,
      0.29787976526924625,
      0.1673759885236494,
      0.05054090802877983
    ],
    [
      0.2803967381404753,
      0.10446255640225034,
      0.2783588265321379,
      0.15148950873232633,
      0.1852923701928103
    ],
    [
      0.1537663233311142,
      0.2867046359883436,
      0.08676323487197261,
      0.21687400670573473,
      0.25589179910283455
    ],
    [
      0.3370582790020447,
      0.1500044337634026,
      0.2834432492215522,
      0.18271209626822416,
      0.04678194174477666
    ],
    [
      0.2012344722605654,
      0.10868602111048796,
      0.4404269359815896,
      0.17718076439551245,
      0.07247180625184452
    ],
    [
      0.0739847653341456,
      0.29904389587569585,
      0.07963698779728978,
      0.21338409891451382,
      0.3339502520783547
    ],
    [
      0.5123300341729874,
      0.0853442101340533,
      0.24002383527701435,
      0.15208881553937456,
      0.010213104876570742
    ],
    [
      0.7344505260296726,
      0.03186544070425036,
      0.1668769461493392,
      0.06095419010976325,
      0.005852897006974629
    ],
    [
      0.021083976212292594,
      0.13610625369582366,
      0.010694729615928746,
      0.04588254529382792,
      0.7862324951821268
    ],
    [
      0.1351588621775565,
      0.22394433603734082,
      0.15033091509753357,
      0.36845563548027443,
      0.1221102512072946
    ],
    [
      0.34126150889467427,
      0.06719659128776127,
      0.3888666749816252,
      0.1229077501024216,
      0.07976747473351763
    ],
    [
      0.21595872619168366,
      0.23286945201954057,
      0.24517732817166327,
      0.20562510529366929,
      0.10036938832344303
    ],
    [
      0.5196127089790318,
      0.05487810813320397,
      0.34704882183832025,
      0.06641550447088082,
      0.012044856578563145
    ],
    [
      0.3469908372144026,
      0.10617493899792974,
      0.23097128258005004,
      0.26336029713292614,
      0.052502644074691816
    ],
    [
      0.22222511502452147,
      0.1565943626829078,
      0.15474129748151674,
      0.12738997632998603,
      0.3390492484810682
    ],
    [
      0.7853817348826698,
      0.0158767682706729,
      0.15131246137852358,
      0.04222142556925888,
      0.005207609898874624
    ],
    [
      0.10637090637166235,
      0.22762206874115667,
      0.1493386795983619,
      0.4086573932933962,
      0.10801095199542253
    ],
    [
      0.19484322746641689,
      0.3090361916654638,
      0.08359061913132844,
      0.2694366278388564,
      0.14309333389793435
    ],
    [
      0.016931009172910787,
      0.3534625766007971,
      0.03443350423974944,
      0.138681393025496,
      0.45649151696104723
    ],
    [
      0.09739909875390979,
      0.3025155788431832,
      0.21228999173456958,
      0.20578154261055812,
      0.18201378805777915
    ],
    [
      0.5372913563944509,
      0.061037358083748335,
      0.253781318340979,
      0.12457326068225373,
      0.023316706498568363
    ],
    [
      0.303772819760768,
      0.10036185994365414,
      0.376060704208377,
      0.11679920441907968,
      0.10300541166812133
    ],
    [
      0.16770953986573792,
      0.23307033535918048,
      0.20234342305576114,
      0.19909145824606297,
      0.19778524347325774
    ],
    [
      0.2624383991956586,
      0.29365857932712325,
      0.11748487663147604,
      0.27944046163475905,
      0.04697768321098291
    ],
    [
      0.2375707979793676,
      0.15558314571800108,
      0.29404832253167557,
      0.20572382031231096,
      0.10707391345864492
    ],
    [
      0.08713248252737014,
      0.2991034778692506,
      0.09183422942855962,
      0.3776878247918999,
      0.14424198538292002
    ],
    [
      0.7184017057061464,
      0.04375856803261649,
      0.14850507204024355,
      0.06498111937451717,
      0.024353534846476798
    ],
    [
      0.09549360320780649,
      0.2028069394998215,
      0.15499089053190152,
      0.376234049330837,
      0.17047451742963357
    ],
    [
      0.20582416917183918,
      0.21645673487125436,
      0.2716039039810675,
      0.2574307927547029,
      0.048684399221136154
    ],
    [
      0.0530288928800652,
      0.3026880187055918,
      0.019531747507366113,
      0.15876163293275794,
      0.46598970797421885
    ],
    [
      0.15254660905915604,
      0.22679247963919566,
      0.1730068008015697,
      0.3978554509792673,
      0.0497986595208112
    ],
    [
      0.06912016038074091,
      0.2650438090796502,
      0.06117389743706294,
      0.14322336829062973,
      0.4614387648119159
    ],
    [
      0.251599277437557,
      0.11213532090840263,
      0.46998620859304363,
      0.13054236182495252,
      0.035736831236044105
    ],
    [
      0.0706260024606094,
      0.3973976264369202,
      0.05005518847042033,
      0.09727679768963093,
      0.38464438494241926
    ],
    [
      0.327244846600887,
      0.15895156751105305,
      0.27686360250592834,
      0.15204323051444812,
      0.08489675286768378
    ],
    [
      0.8302997952307443,
      0.024151156933214513,
      0.13274124678743784,
      0.012148219827185856,
      0.0006595812214172587
    ],
    [
      0.7210368241038497,
      0.05184526062469572,
      0.1869892129562856,
      0.03828726564508792,
      0.0018414366700809472
    ],
    [
      0.6835777124245378,
      0.03269928016285138,
      0.25540159274982766,
      0.022845645538310443,
      0.00547576912447249
    ],
    [
      0.44522892889022025,
      0.25474219629401523,
      0.12108496008334031,
      0.13960676519503018,
      0.03933714953739426
    ],
    [
      0.20297630261162322,
      0.21488537872077956,
      0.1752984176871371,
      0.25241147573968387,
      0.15442842524077635
    ],
    [
      0.4972867281530004,
      0.10406491673457224,
      0.17295747249854343,
      0.19305503739179106,
      0.03263584522209292
    ],
    [
      0.17673854518077312,
      0.23601143561935675,
      0.15992148848623983,
      0.3294363137148878,
      0.09789221699874251
    ],
    [
      0.09538430922079909,
      0.5025123311398006,
      0.02835863008822379,
      0.17358339671402465,
      0.200161332837152
    ],
    [
      0.06004251439467464,
      0.29425997610295845,
      0.09751757398824225,
      0.12240616411785117,
      0.4257737713962732
    ],
    [
      0.14478309652896132,
      0.27710694676807845,
      0.12061870754573925,
      0.3256410430062435,
      0.13185020615097717
    ],
    [
      0.6928469340417969,
      0.045294537145151366,
      0.15733580622200175,
      0.07670997347153434,
      0.027812749119515427
    ],
    [
      0.42108872016778953,
      0.29767983868623415,
      0.11156555412193997,
      0.14343235428747447,
      0.026233532736561923
    ],
    [
      0.04708574702384126,
      0.4864431352424425,
      0.011417950823101432,
      0.18556024546562508,
      0.26949292144498976
    ],
    [
      0.41011912536947925,
      0.06949579549555042,
      0.37533145238167026,
      0.1234952364654481,
      0.021558390287852204
    ],
    [
      0.38548973321782615,
      0.14667557843193338,
      0.2390579688509974,
      0.2196762549472894,
      0.009100464551953591
    ],
    [
      0.7523941777296157,
      0.043431464568938115,
      0.17596431564208065,
      0.0269051352789056,
      0.0013049067804601468
    ],
    [
      0.7881358751712597,
      0.04123474519526303,
      0.11676733737232503,
      0.03118715873406944,
      0.02267488352708274
    ],
    [
      0.13988197917404058,
      0.17699500539349378,
      0.1984674545871867,
      0.39398046254770164,
      0.0906750982975774
    ],
    [
      0.36171017839462877,
      0.07813100913504023,
      0.2922021910739408,
      0.1916112561050593,
      0.0763453652913308
    ],
    [
      0.22494915939684296,
      0.2657275989886939,
      0.19993043631090368,
      0.2715465523856525,
      0.0378462529179074
    ],
    [
      0.29034182844596357,
      0.1261474620256645,
      0.24769598938149215,
      0.2501124234773454,
      0.0857022966695345
    ],
    [
      0.3030202574410972,
      0.1403541528494999,
      0.16639515035299982,
      0.20449952611793118,
      0.18573091323847193
    ],
    [
      0.5375068781132033,
      0.16549273381312318,
      0.15249161349740495,
      0.09284172084925524,
      0.05166705372701327
    ],
    [
      0.3632973679384537,
      0.14376196088976814,
      0.2650552559803727,
      0.16492827768388904,
      0.0629571375075165
    ],
    [
      0.4293507781158409,
      0.1306284763970741,
      0.30947951411655283,
      0.11939087597871341,
      0.011150355391818868
    ],
    [
      0.1483295239576007,
      0.38518099115866844,
      0.07329823167801204,
      0.1504775590238612,
      0.24271369418185745
    ],
    [
      0.05516028000873724,
      0.3065919703620377,
      0.11307564811661613,
      0.19614239727663774,
      0.329029704235971
    ],
    [
      0.6454372932886497,
      0.06339926771452145,
      0.20688703353520152,
      0.053642594000723604,
      0.030633811460903555
    ],
    [
      0.5707626960692473,
      0.10044446519428128,
      0.22876076603166165,
      0.05592714021530121,
      0.04410493248950883
    ],
    [
      0.2889306241819448,
      0.12118338192821075,
      0.33442379809000833,
      0.2226117105681804,
      0.03285048523165568
    ],
    [
      0.219995345356233,
      0.23656016098170185,
      0.18313805751171777,
      0.30369141262776705,
      0.05661502352258087
    ],
    [
      0.2152309876826568,
      0.26580610731460486,
      0.13673581799294113,
      0.3283563994994613,
      0.05387068751033589
    ],
    [
      0.6925831973060972,
      0.021099345514625313,
      0.22116947057596378,
      0.06053739295117824,
      0.004610593652135373
    ],
    [
      0.20384510842647638,
      0.1919506098770722,
      0.25273210656741985,
      0.2430137181730797,
      0.10845845695595206
    ],
    [
      0.30310535560942753,
      0.42776419548915023,
      0.09894089559245633,
      0.05089806095664989,
      0.11929149235231584
    ],
    [
      0.6292211763820892,
      0.18258478240260004,
      0.09666828676723524,
      0.06935091121327859,
      0.022174843234796782
    ],
    [
      0.4529427643010037,
      0.13193081267069337,
      0.14827829656172345,
      0.17093017473651353,
      0.09591795173006608
    ],
    [
      0.06145842495273118,
      0.2499458942221777,
      0.05081220281642007,
      0.14921530870230965,
      0.48856816930636143
    ],
    [
      0.6365682760614019,
      0.06695171108917973,
      0.20704062887778615,
      0.08320391780993987,
      0.006235466161692422
    ],
    [
      0.3648652440443948,
      0.21120894893252726,
      0.15809449401071213,
      0.19553668456669593,
      0.07029462844566998
    ],
    [
      0.687432952187591,
      0.05781473852928228,
      0.17613682660434768,
      0.06297688389501682,
      0.015638598783762066
    ],
    [
      0.5503033253167197,
      0.08554611179768484,
      0.2714289135854231,
      0.08059832979595663,
      0.012123319504215557
    ],
    [
      0.35486169370903725,
      0.0859785885736811,
      0.42343471812652345,
      0.11654850895175106,
      0.019176490639007445
    ],
    [
      0.26955947958358994,
      0.14695764260551392,
      0.3102092551574898,
      0.2469143942217811,
      0.026359228431625237
    ],
    [
      0.5088507437550532,
      0.07334022117869322,
      0.22126047919205952,
      0.15983492267074587,
      0.03671363320344819
    ],
    [
      0.5988667452967644,
      0.06390075583683756,
      0.2538733206603735,
      0.07796887897243673,
      0.005390299233588865
    ],
    [
      0.6804247590948941,
      0.06277009517244467,
      0.19964911932516313,
      0.05026982716984494,
      0.006886199237652774
    ],
    [
      0.41230660725039636,
      0.15786113943018967,
      0.27756217567081115,
      0.1070989835742518,
      0.045171094074351145
    ],
    [
      0.37810188269194783,
      0.33165095898779484,
      0.11415182164886313,
      0.12691387758665323,
      0.049181459084741294
    ],
    [
      0.4170984369276005,
      0.13920255661189218,
      0.29677682530832006,
      0.13633314677848135,
      0.010589034373706252
    ],
    [
      0.11992465967153894,
      0.27880440087432967,
      0.08918521632595779,
      0.3131826556612134,
      0.19890306746695996
    ],
    [
      0.3287441736383998,
      0.30825219156741174,
      0.1457155201836786,
      0.11302773698250185,
      0.10426037762800819
    ],
    [
      0.04113495997265517,
      0.28388213425269787,
      0.09902331923403854,
      0.1815516999760551,
      0.3944078865645533
    ],
    [
      0.8820255476474133,
      0.01596587614160361,
      0.08548970930553747,
      0.01585928568402831,
      0.0006595812214172587
    ],
    [
      0.5468882904789304,
      0.0986356824872608,
      0.23386445163307648,
      0.09662334751947237,
      0.023988227881259948
    ],
    [
      0.16900959676413194,
      0.30883063201565697,
      0.1080130714290939,
      0.22766413165009772,
      0.18648256814101943
    ],
    [
      0.4368048683307048,
      0.15954521426309384,
      0.2586387282927848,
      0.10784422948387207,
      0.037166959629544645
    ],
    [
      0.6902185748416757,
      0.09451440711145127,
      0.1750225926657544,
      0.022634574642031363,
      0.017609850739087083
    ],
    [
      0.1678744258797033,
      0.2236125102348402,
      0.17700750139519036,
      0.2630179989520697,
      0.16848756353819638
    ],
    [
      0.3137452736820123,
      0.21902810412990364,
      0.11529979495717532,
      0.08794876693620185,
      0.26397806029470705
    ],
    [
      0.5150443603391723,
      0.10805492560475778,
      0.14182414212454061,
      0.19060906031200378,
      0.04446751161952558
    ],
    [
      0.2078153604610226,
      0.23245634981178004,
      0.14168987945627673,
      0.17391281877617965,
      0.24412559149474095
    ],
    [
      0.772984597445203,
      0.05688672932498013,
      0.11580064197679742,
      0.047723064521754864,
      0.006604966731264412
    ],
    [
      0.06303075373045011,
      0.318210425544938,
      0.04731885592355045,
      0.34656711840082755,
      0.22487284640023344
    ],
    [
      0.061413812301505215,
      0.2773567964895751,
      0.044865815678764305,
      0.15412003463780818,
      0.462243540892347
    ],
    [
      0.1525751417128271,
      0.19380062501113451,
      0.08689348256241294,
      0.2982692642509473,
      0.2684614864626785
    ],
    [
      0.4767410741904412,
      0.06174914564065325,
      0.2696567377694283,
      0.15720375960354258,
      0.03464928279593452
    ],
    [
      0.09984690140895419,
      0.1614461790513312,
      0.08448600156394562,
      0.1635805465901773,
      0.4906403713855916
    ],
    [
      0.3155860943326279,
      0.15295667131152546,
      0.2875227691687247,
      0.21395620542558696,
      0.029978259761535
    ],
    [
      0.803816571719169,
      0.026502868239103115,
      0.14255632643227628,
      0.022853365454141048,
      0.004270868155310763
    ],
    [
      0.4617785701530198,
      0.06890407074056447,
      0.26677631652427614,
      0.16209493830606472,
      0.04044610427607534
    ],
    [
      0.08380179789916774,
      0.34260765031059803,
      0.07383897401921602,
      0.13296686191284243,
      0.36678471585817585
    ],
    [
      0.05724098078357904,
      0.24543270167772677,
      0.13644564364980222,
      0.22463298105491597,
      0.3362476928339761
    ],
    [
      0.045864380174786924,
      0.171461826713234,
      0.027241258232146685,
      0.08370649002281051,
      0.671726044857022
    ],
    [
      0.41385352724206353,
      0.21150778659072497,
      0.21675418894533524,
      0.13259077637641528,
      0.025293720845460967
    ],
    [
      0.13081268218960115,
      0.4787613265025659,
      0.0501456306830322,
      0.18291779342117717,
      0.15736256720362354
    ],
    [
      0.25482530198386577,
      0.14941003621916293,
      0.09074467993545107,
      0.31071060262128886,
      0.19430937924023123
    ],
    [
      0.11645676117055384,
      0.14208313809760706,
      0.08782147854795824,
      0.1415533949816846,
      0.5120852272021961
    ],
    [
      0.19501602961808495,
      0.13907749865572802,
      0.398210396641472,
      0.17522972025090616,
      0.09246635483380879
    ],
    [
      0.40437324158926746,
      0.09494082320918161,
      0.290546348074059,
      0.14878052446794315,
      0.06135906265954905
    ],
    [
      0.6467943196732081,
      0.058807340853048194,
      0.22944740976984962,
      0.05220686856329931,
      0.012744061140594768
    ],
    [
      0.1463093571856249,
      0.20640037205729647,
      0.27955619082604344,
      0.21274212850326227,
      0.15499195142777286
    ],
    [
      0.38130372768038656,
      0.1653360491596497,
      0.2722662242404339,
      0.11554391116597769,
      0.06555008775355235
    ],
    [
      0.33731489868163306,
      0.10066599392132637,
      0.33313920610377795,
      0.19083567603261611,
      0.03804422526064674
    ],
    [
      0.06543905884488908,
      0.34758238534861735,
      0.018549579476559105,
      0.12976424865864533,
      0.4386647276712892
    ],
    [
      0.7224569775168674,
      0.1348283093473882,
      0.1012491618944968,
      0.02869837856866425,
      0.012767172672583482
    ],
    [
      0.1999005127298034,
      0.11651825895922316,
      0.3424157803433035,
      0.24478364180277506,
      0.09638180616489485
    ],
    [
      0.1984907129094607,
      0.33342510497481315,
      0.04490821944828861,
      0.13986542894451695,
      0.28331053372292075
    ],
    [
      0.5121786217683675,
      0.16631505092858626,
      0.18064908813765815,
      0.10496162986736723,
      0.0358956092980207
    ],
    [
      0.5473528282013742,
      0.08458037306826144,
      0.24281903498929258,
      0.10170696111529338,
      0.023540802625778515
    ],
    [
      0.4018820770458417,
      0.19440437278963463,
      0.2075779058272216,
      0.16567244301716016,
      0.03046320132014218
    ]
  ]
}